fips,stabbrev,countynm,total_all_all,all_hisp_all,white_all_all,black_all_all,aian_all_all,asian_all_all,nhpi_all_all,twoplus_all_all,total_all_18P,all_hisp_18P,white_all_18P,black_all_18P,aian_all_18P,asian_all_18P,nhpi_all_18P,twoplus_all_18P,total_all_17U,all_hisp_17U,white_all_17U,black_all_17U,aian_all_17U,asian_all_17U,nhpi_all_17U,twoplus_all_17U,hu_total,hu_occupied,hu_vacant,gq_total,gq_inst,gq_inst_corr_adult,gq_inst_juv,gq_inst_nursing,gq_inst_other,gq_noninst,gq_noninst_college,gq_noninst_military,gq_noninst_other
01001,AL,Autauga County,58805,2117,42045,11441,190,894,26,2092,44523,1339,32737,8379,158,645,21,1244,14282,778,9308,3062,32,249,5,848,24350,22412,1938,487,408,142,6,260,0,79,0,0,79
01003,AL,Baldwin County,231767,12686,188877,18288,1300,2126,127,8363,182471,8197,152633,13656,1054,1624,87,5220,49296,4489,36244,4632,246,502,40,3143,124148,93116,31032,3552,2761,1229,74,1212,246,791,309,0,482
01005,AL,Barbour County,25223,1510,11171,11890,59,111,0,482,20134,934,9519,9251,49,90,0,291,5089,576,1652,2639,10,21,0,191,11618,9677,1941,2717,2672,2517,0,155,0,45,0,0,45
01007,AL,Bibb County,22293,740,16547,4402,40,31,9,524,17533,463,13123,3554,37,20,9,327,4760,277,3424,848,3,11,0,197,9002,7927,1075,2140,2101,1856,10,235,0,39,0,0,39
01009,AL,Blount County,59134,5771,50238,868,195,185,12,1865,45403,3534,39658,666,160,129,11,1245,13731,2237,10580,202,35,56,1,620,24622,22367,2255,613,411,91,0,320,0,202,0,0,202
01011,AL,Bullock County,10357,503,2310,7397,1,15,7,124,8356,273,2091,5891,1,7,3,90,2001,230,219,1506,0,8,4,34,4516,3928,588,1704,1683,1580,0,103,0,21,0,0,21
01013,AL,Butler County,19051,260,9742,8416,24,148,5,456,14903,178,7982,6320,23,117,5,278,4148,82,1760,2096,1,31,0,178,9806,8170,1636,281,252,54,0,198,0,29,0,0,29
01015,AL,Calhoun County,116441,5010,80203,25523,392,1198,117,3998,92289,3229,65288,19843,336,1004,86,2503,24152,1781,14915,5680,56,194,31,1495,53052,46437,6615,5620,2066,1024,180,862,0,3554,3345,0,209
21135,KY,Lewis County,13080,83,12642,39,18,10,4,284,9948,44,9671,20,18,9,4,182,3132,39,2971,19,0,1,0,102,6023,5239,784,142,142,50,0,92,0,0,0,0,0
21137,KY,Lincoln County,24275,475,22613,476,34,65,2,610,18576,256,17486,382,27,38,0,387,5699,219,5127,94,7,27,2,223,10777,9711,1066,178,178,95,0,83,0,0,0,0,0
21139,KY,Livingston County,8888,186,8295,28,19,14,6,340,7129,101,6733,24,18,10,6,237,1759,85,1562,4,1,4,0,103,4589,3789,800,63,41,0,0,41,0,22,0,0,22
21141,KY,Logan County,27432,853,23844,1725,44,105,3,858,20978,539,18529,1312,43,77,0,478,6454,314,5315,413,1,28,3,380,12461,11000,1461,339,290,137,0,153,0,49,0,0,49
21143,KY,Lyon County,8680,152,7792,512,25,36,0,163,7517,110,6750,489,25,30,0,113,1163,42,1042,23,0,6,0,50,4780,3327,1453,1582,1574,1484,0,90,0,8,0,0,8
21145,KY,McCracken County,67875,2135,54373,7651,173,691,19,2833,53058,1308,43914,5549,148,521,12,1606,14817,827,10459,2102,25,170,7,1227,32040,28932,3108,2144,1034,577,28,421,8,1110,0,0,1110
21147,KY,McCreary County,16888,365,15203,914,60,34,3,309,13028,293,11531,903,51,23,3,224,3860,72,3672,11,9,11,0,85,6892,6058,834,1687,1521,1445,16,60,0,166,0,0,166
21151,KY,Madison County,92701,3064,80196,4002,193,1034,58,4154,73345,2091,64060,3272,163,832,47,2880,19356,973,16136,730,30,202,11,1274,39319,36148,3171,5796,754,314,0,440,0,5042,4931,0,111
21155,KY,Marion County,19581,681,16893,1233,1,130,47,596,14901,398,13126,963,0,94,33,287,4680,283,3767,270,1,36,14,309,8350,7752,598,539,438,264,0,174,0,101,0,0,101
21157,KY,Marshall County,31659,539,29938,122,61,134,9,856,25125,321,23992,93,54,79,7,579,6534,218,5946,29,7,55,2,277,16351,13359,2992,447,431,216,0,215,0,16,0,0,16
21161,KY,Mason County,17120,356,14885,1054,30,112,0,683,13245,189,11805,811,24,84,0,332,3875,167,3080,243,6,28,0,351,8160,7136,1024,255,232,121,0,111,0,23,0,0,23
21163,KY,Meade County,30003,1133,26192,985,133,234,74,1252,22345,649,19964,690,108,183,38,713,7658,484,6228,295,25,51,36,539,11943,11045,898,230,212,152,0,60,0,18,0,0,18
21167,KY,Mercer County,22641,703,20251,785,41,89,14,758,17634,420,15988,669,35,59,9,454,5007,283,4263,116,6,30,5,304,10338,9213,1125,269,173,0,0,173,0,96,80,0,16
21169,KY,Metcalfe County,10286,230,9693,122,3,13,0,225,7867,152,7445,99,3,11,0,157,2419,78,2248,23,0,2,0,68,4691,4148,543,93,73,0,0,73,0,20,0,0,20
21173,KY,Montgomery County,28114,925,25562,640,27,152,1,807,21511,548,19776,542,20,120,1,504,6603,377,5786,98,7,32,0,303,12125,11117,1008,315,302,164,0,138,0,13,0,0,13
21175,KY,Morgan County,13726,417,12559,503,20,19,4,204,10893,376,9847,480,15,19,4,152,2833,41,2712,23,5,0,0,52,5610,4841,769,1799,1799,1726,20,53,0,0,0,0,0
21179,KY,Nelson County,46738,1214,41372,2233,63,281,9,1566,35749,694,32274,1717,56,195,6,807,10989,520,9098,516,7,86,3,759,19716,18462,1254,649,268,122,0,146,0,381,0,0,381
21181,KY,Nicholas County,7537,154,7165,44,10,9,2,153,5686,62,5476,39,5,6,2,96,1851,92,1689,5,5,3,0,57,3316,2954,362,103,102,0,0,102,0,1,0,0,1
21185,KY,Oldham County,67607,3235,58391,2270,110,1183,18,2400,49530,1906,43504,1888,92,827,15,1298,18077,1329,14887,382,18,356,3,1102,23064,22133,931,3934,3875,3570,0,305,0,59,0,0,59
21187,KY,Owen County,11278,251,10584,92,22,20,4,305,8533,152,8058,76,21,13,0,213,2745,99,2526,16,1,7,4,92,5323,4349,974,98,98,0,0,98,0,0,0,0,0
21191,KY,Pendleton County,14644,201,13943,78,23,35,3,361,11194,134,10759,39,18,28,0,216,3450,67,3184,39,5,7,3,145,6263,5533,730,194,64,0,0,64,0,130,0,0,130
21195,KY,Pike County,58669,695,55867,520,70,379,12,1126,46593,435,44640,408,56,295,4,755,12076,260,11227,112,14,84,8,371,28693,24534,4159,1819,803,415,0,388,0,1016,515,0,501
21197,KY,Powell County,13129,197,12554,70,18,32,0,258,10047,123,9661,58,18,29,0,158,3082,74,2893,12,0,3,0,100,5587,5065,522,305,297,219,0,78,0,8,0,0,8
21201,KY,Robertson County,2193,19,2114,6,3,7,0,44,1727,11,1666,5,3,7,0,35,466,8,448,1,0,0,0,9,1038,882,156,55,55,0,0,55,0,0,0,0,0
21203,KY,Rockcastle County,16037,172,15395,62,34,31,0,343,12552,97,12125,34,34,29,0,233,3485,75,3270,28,0,2,0,110,7321,6546,775,320,306,78,0,228,0,14,0,0,14
21207,KY,Russell County,17991,781,16583,120,58,109,3,337,13877,406,13055,85,43,68,3,217,4114,375,3528,35,15,41,0,120,10088,7461,2627,225,225,105,0,120,0,0,0,0,0
21209,KY,Scott County,57155,3103,48129,2994,59,607,20,2243,42616,1845,36854,2197,50,444,10,1216,14539,1258,11275,797,9,163,10,1027,22795,21371,1424,1101,232,89,0,133,10,869,776,0,93
21213,KY,Simpson County,19594,648,16325,1658,59,104,5,795,15010,387,12763,1297,42,85,5,431,4584,261,3562,361,17,19,0,364,8263,7600,663,533,520,425,0,95,0,13,0,0,13
21215,KY,Spencer County,19490,450,17907,310,32,93,13,685,14798,239,13813,227,28,60,12,419,4692,211,4094,83,4,33,1,266,7430,7122,308,88,88,0,0,88,0,0,0,0,0
21219,KY,Todd County,12243,598,10317,905,16,28,6,373,8911,361,7631,684,11,14,0,210,3332,237,2686,221,5,14,6,163,5117,4566,551,149,124,78,0,46,0,25,0,0,25
21223,KY,Trimble County,8474,192,7964,32,29,28,4,225,6631,113,6286,24,21,21,4,162,1843,79,1678,8,8,7,0,63,3841,3398,443,46,46,0,0,46,0,0,0,0,0
21225,KY,Union County,13668,188,11886,1040,27,36,1,490,10461,139,9151,861,17,31,1,261,3207,49,2735,179,10,5,0,229,5863,5293,570,584,145,53,0,92,0,439,68,0,371
21229,KY,Washington County,12027,470,10454,670,26,44,5,358,9264,272,8213,542,21,32,5,179,2763,198,2241,128,5,12,0,179,5196,4674,522,308,182,0,0,182,0,126,0,0,126
21231,KY,Wayne County,19555,902,17941,238,30,64,5,375,15116,524,14087,194,26,53,1,231,4439,378,3854,44,4,11,4,144,10105,8085,2020,326,326,177,52,97,0,0,0,0,0
21235,KY,Whitley County,36712,687,34249,551,90,209,10,916,27787,452,26002,462,69,184,10,608,8925,235,8247,89,21,25,0,308,15469,13794,1675,1873,544,275,0,269,0,1329,1302,0,27
21237,KY,Wolfe County,6562,61,6375,34,9,7,0,76,5026,43,4897,20,5,6,0,55,1536,18,1478,14,4,1,0,21,3021,2634,387,121,121,0,21,100,0,0,0,0,0
23001,ME,Androscoggin County,111139,2222,97095,6577,387,943,52,3863,87871,1413,79307,3738,322,736,41,2314,23268,809,17788,2839,65,207,11,1549,49837,45393,4444,4322,1658,137,23,1497,1,2664,1874,0,790
23003,ME,Aroostook County,67105,912,62562,462,1213,413,19,1524,54341,550,51397,354,796,304,12,928,12764,362,11165,108,417,109,7,596,38303,29784,8519,1559,1031,88,41,890,12,528,238,0,290
23007,ME,Franklin County,29456,407,27561,206,74,396,24,788,24045,262,22698,154,74,277,13,567,5411,145,4863,52,0,119,11,221,20856,12842,8014,1176,236,22,0,180,34,940,897,0,43
23009,ME,Hancock County,55478,969,51750,420,234,590,11,1504,46160,662,43495,332,178,485,8,1000,9318,307,8255,88,56,105,3,504,40133,24948,15185,1359,385,41,35,309,0,974,817,13,144
23013,ME,Knox County,40607,672,38158,301,144,268,19,1045,33700,474,31891,260,120,216,19,720,6907,198,6267,41,24,52,0,325,24255,17883,6372,1501,1319,1015,0,217,87,182,39,13,130
23015,ME,Lincoln County,35237,395,33448,183,108,242,10,851,29468,283,28152,152,99,189,10,583,5769,112,5296,31,9,53,0,268,23608,15803,7805,587,249,70,0,179,0,338,182,17,139
23019,ME,Penobscot County,152199,2715,139797,1579,1354,1914,39,4801,124474,1806,115638,1193,1100,1566,32,3139,27725,909,24159,386,254,348,7,1662,74878,64250,10628,6218,1831,569,4,1227,31,4387,3720,0,667
23021,ME,Piscataquis County,16800,261,15723,78,103,127,7,501,13901,170,13185,55,77,84,7,323,2899,91,2538,23,26,43,0,178,14577,7615,6962,286,156,15,0,141,0,130,66,0,64
23025,ME,Somerset County,50477,656,47542,288,215,281,15,1480,40887,415,38789,209,176,238,15,1045,9590,241,8753,79,39,43,0,435,29785,21924,7861,679,550,214,16,320,0,129,0,0,129
23029,ME,Washington County,31095,667,27833,178,1382,135,8,892,25404,424,23171,143,970,126,7,563,5691,243,4662,35,412,9,1,329,21594,13757,7837,813,346,117,12,217,0,467,253,9,205
23031,ME,York County,211972,4097,196579,2225,578,2579,62,5852,173464,2694,162838,1610,470,2091,48,3713,38508,1403,33741,615,108,488,14,2139,112198,88924,23274,3532,1274,132,61,1064,17,2258,1440,254,564
27003,MN,Anoka County,363887,19506,280351,28864,1941,19393,120,13712,275754,12028,223637,17932,1523,13562,104,6968,88133,7478,56714,10932,418,5831,16,6744,138017,133879,4138,3461,2447,1420,103,851,73,1014,26,0,988
27005,MN,Becker County,35183,575,29992,226,2418,167,10,1795,26736,298,23580,152,1559,128,9,1010,8447,277,6412,74,859,39,1,785,19620,14371,5249,468,356,55,0,301,0,112,0,0,112
27007,MN,Beltrami County,46228,1108,32987,555,9201,283,16,2078,34776,706,26589,441,5676,230,9,1125,11452,402,6398,114,3525,53,7,953,21271,17678,3593,2119,647,163,65,395,24,1472,1049,0,423
27009,MN,Benton County,41379,1216,36215,2031,185,475,10,1247,30955,776,27740,1279,127,373,7,653,10424,440,8475,752,58,102,3,594,17315,16479,836,708,441,29,5,407,0,267,0,0,267
27011,MN,Big Stone County,5166,140,4848,27,34,16,4,97,4075,87,3888,17,25,13,2,43,1091,53,960,10,9,3,2,54,2982,2224,758,221,104,0,0,104,0,117,0,0,117
27013,MN,Blue Earth County,69112,3221,57828,3965,216,1861,27,1994,55070,2250,47193,2702,160,1620,23,1122,14042,971,10635,1263,56,241,4,872,29169,27193,1976,4336,585,84,13,484,4,3751,2935,0,816
27015,MN,Brown County,25912,1171,24112,123,42,128,6,330,20310,692,19219,77,36,115,1,170,5602,479,4893,46,6,13,5,160,11780,10970,810,1083,323,18,0,305,0,760,618,0,142
27017,MN,Carlton County,36207,612,31280,578,2153,162,13,1409,28079,362,24786,517,1492,128,12,782,8128,250,6494,61,661,34,1,627,15688,13789,1899,2255,1458,1046,9,403,0,797,75,0,722
27019,MN,Carver County,106922,5308,92615,2274,200,3664,17,2844,77890,3189,69271,1336,134,2686,16,1258,29032,2119,23344,938,66,978,1,1586,40380,38863,1517,911,330,46,0,284,0,581,302,0,279
27021,MN,Cass County,30066,426,25041,88,3427,121,1,962,23840,238,20794,54,2100,98,0,556,6226,188,4247,34,1327,23,1,406,23872,12614,11258,333,171,0,8,163,0,162,13,0,149
27023,MN,Chippewa County,12598,1243,10563,87,106,49,296,254,9593,729,8401,53,67,30,173,140,3005,514,2162,34,39,19,123,114,5627,5150,477,374,255,3,15,237,0,119,0,0,119
27025,MN,Chisago County,56621,1451,51604,895,311,788,4,1568,43569,865,40313,754,261,527,4,845,13052,586,11291,141,50,261,0,723,22294,20900,1394,1523,1237,1029,0,208,0,286,0,0,286
47121,TN,Meigs County,12758,220,11936,144,58,30,1,369,10101,125,9532,112,40,21,1,270,2657,95,2404,32,18,9,0,99,6042,5058,984,116,116,70,0,46,0,0,0,0,0
47125,TN,Montgomery County,220069,22934,133484,43932,776,5195,943,12805,160622,14434,102063,31899,617,4155,652,6802,59447,8500,31421,12033,159,1040,291,6003,85714,79841,5873,4714,1758,1084,32,642,0,2956,1450,1321,185
47127,TN,Moore County,6461,101,6012,109,17,34,2,186,5128,51,4810,92,17,31,1,126,1333,50,1202,17,0,3,1,60,2960,2590,370,58,58,8,0,50,0,0,0,0,0
47131,TN,Obion County,30787,1574,24924,3172,51,110,0,956,24096,935,20183,2351,33,78,0,516,6691,639,4741,821,18,32,0,440,14314,12928,1386,259,259,101,0,158,0,0,0,0,0
47133,TN,Overton County,22511,344,21326,95,60,65,0,621,17637,207,16842,64,53,50,0,421,4874,137,4484,31,7,15,0,200,10329,9147,1182,199,186,109,0,77,0,13,0,0,13
47137,TN,Pickett County,5001,83,4815,15,8,16,1,63,4090,51,3959,13,8,15,1,43,911,32,856,2,0,1,0,20,3342,2192,1150,57,57,0,0,57,0,0,0,0,0
47139,TN,Polk County,17544,297,16394,75,59,35,10,674,14253,204,13333,62,51,35,10,558,3291,93,3061,13,8,0,0,116,8561,7160,1401,217,211,141,0,70,0,6,0,0,6
47143,TN,Rhea County,32870,1960,28844,619,101,202,6,1138,25634,1259,22890,489,89,150,6,751,7236,701,5954,130,12,52,0,387,15163,13082,2081,456,227,1,5,196,25,229,125,0,104
47145,TN,Roane County,53404,1011,48523,1356,163,360,20,1971,42981,655,39554,1070,124,281,17,1280,10423,356,8969,286,39,79,3,691,25374,22322,3052,405,313,0,0,313,0,92,0,0,92
47149,TN,Rutherford County,341486,38317,221856,53990,814,12679,230,13600,255546,24551,173876,39315,622,9544,174,7464,85940,13766,47980,14675,192,3135,56,6136,131216,124465,6751,5723,1851,774,43,955,79,3872,2831,0,1041
47151,TN,Scott County,21850,205,21073,42,36,52,0,442,16531,106,16030,23,33,43,0,296,5319,99,5043,19,3,9,0,146,9802,8625,1177,245,231,130,1,100,0,14,0,0,14
47153,TN,Sequatchie County,15826,621,14510,82,49,70,5,489,12505,354,11645,54,44,51,1,356,3321,267,2865,28,5,19,4,133,6925,6190,735,344,318,222,0,96,0,26,0,0,26
47157,TN,Shelby County,929744,77707,321668,476893,1633,28433,285,23125,706063,49517,264765,353792,1256,21994,218,14521,223681,28190,56903,123101,377,6439,67,8604,400189,364625,35564,13976,9677,5391,407,3642,237,4299,2481,60,1758
47159,TN,Smith County,19904,518,18196,368,61,87,0,674,15324,293,14183,294,51,65,0,438,4580,225,4013,74,10,22,0,236,8513,7663,850,218,164,85,0,79,0,54,0,0,54
47163,TN,Sullivan County,158163,3548,144461,3345,358,1320,41,5090,127939,2274,118435,2632,291,1017,27,3263,30224,1274,26026,713,67,303,14,1827,75476,67853,7623,2262,1358,636,19,667,36,904,291,0,613
47165,TN,Sumner County,196281,12870,156862,15798,489,3024,121,7117,149662,8225,123295,11249,385,2223,94,4191,46619,4645,33567,4549,104,801,27,2926,78995,74472,4523,1612,1377,572,25,780,0,235,0,0,235
47169,TN,Trousdale County,11615,375,8836,1923,26,29,0,426,9424,254,7143,1750,17,19,0,241,2191,121,1693,173,9,10,0,185,3749,3469,280,2569,2549,2505,0,44,0,20,0,0,20
47171,TN,Unicoi County,17928,1107,16243,60,39,39,0,440,14713,740,13549,34,27,29,0,334,3215,367,2694,26,12,10,0,106,8702,7638,1064,428,312,93,0,219,0,116,0,0,116
47175,TN,Van Buren County,6168,83,5891,20,7,10,1,156,4836,56,4637,20,2,10,1,110,1332,27,1254,0,5,0,0,46,2901,2459,442,71,71,0,0,71,0,0,0,0,0
47177,TN,Warren County,40953,3943,34263,1124,86,278,11,1248,31461,2409,27124,897,79,199,6,747,9492,1534,7139,227,7,79,5,501,18088,16336,1752,477,331,131,0,200,0,146,0,0,146
47181,TN,Wayne County,16232,379,14581,904,19,33,1,315,13337,255,11950,849,19,29,1,234,2895,124,2631,55,0,4,0,81,7178,6016,1162,2190,2179,2038,55,86,0,11,0,0,11
47183,TN,Weakley County,32902,905,28050,2623,53,201,3,1067,26499,576,22967,2097,53,159,3,644,6403,329,5083,526,0,42,0,423,14945,13373,1572,2081,363,89,0,274,0,1718,1687,0,31
47187,TN,Williamson County,247726,14261,202652,10016,408,13020,127,7242,179443,8875,150218,7336,299,8769,79,3867,68283,5386,52434,2680,109,4251,48,3375,91133,86884,4249,1359,1252,189,28,1035,0,107,0,0,107
47189,TN,Wilson County,147737,8375,120118,10317,413,3168,52,5294,112798,5249,94190,7680,336,2261,40,3042,34939,3126,25928,2637,77,907,12,2252,58152,55074,3078,1866,1057,381,17,659,0,809,477,0,332
49003,UT,Box Elder County,57666,5537,49723,187,384,456,99,1280,39411,3280,34663,101,267,368,54,678,18255,2257,15060,86,117,88,45,602,19517,18678,839,358,321,88,94,117,22,37,0,0,37
49005,UT,Cache County,133154,15076,110370,1167,631,2349,662,2899,94161,9231,79828,754,466,1853,431,1598,38993,5845,30542,413,165,496,231,1301,43774,41658,2116,4145,528,201,69,256,2,3617,3420,0,197
49009,UT,Daggett County,935,29,883,1,1,1,3,17,716,18,682,1,0,1,2,12,219,11,201,0,1,0,1,5,1138,392,746,0,0,0,0,0,0,0,0,0,0
49011,UT,Davis County,362679,39295,295486,4412,1489,7082,3219,11696,246384,24151,204460,2997,1094,5723,2071,5888,116295,15144,91026,1415,395,1359,1148,5808,115217,111552,3665,2309,1646,324,241,1048,33,663,0,412,251
49015,UT,Emery County,9825,705,8878,6,58,38,7,133,6956,380,6403,6,51,25,7,84,2869,325,2475,0,7,13,0,49,4069,3535,534,56,39,0,15,24,0,17,0,0,17
49017,UT,Garfield County,5083,384,4473,6,90,30,7,93,3881,316,3411,5,62,30,3,54,1202,68,1062,1,28,0,4,39,3501,1881,1620,248,103,60,25,18,0,145,0,0,145
49019,UT,Grand County,9669,1226,7644,80,334,88,12,285,7622,793,6273,59,224,82,12,179,2047,433,1371,21,110,6,0,106,5192,4006,1186,178,72,34,0,38,0,106,31,0,75
49021,UT,Iron County,57289,5482,48102,416,952,638,238,1461,41030,3495,34962,318,681,543,182,849,16259,1987,13140,98,271,95,56,612,21752,18731,3021,1642,299,120,121,58,0,1343,968,0,375
49023,UT,Juab County,11786,574,10818,13,89,33,41,218,7756,319,7203,10,56,17,29,122,4030,255,3615,3,33,16,12,96,3816,3529,287,118,82,33,0,49,0,36,0,0,36
49025,UT,Kane County,7667,322,6975,31,119,61,1,158,5915,227,5430,24,72,51,0,111,1752,95,1545,7,47,10,1,47,6004,3081,2923,233,196,163,0,18,15,37,0,0,37
49027,UT,Millard County,12975,1774,10675,25,100,144,14,243,8935,1120,7476,16,75,105,14,129,4040,654,3199,9,25,39,0,114,4907,4299,608,156,138,52,37,49,0,18,0,0,18
49029,UT,Morgan County,12295,338,11634,14,31,58,0,220,7996,211,7616,4,23,48,0,94,4299,127,4018,10,8,10,0,126,3703,3574,129,29,29,0,0,29,0,0,0,0,0
49031,UT,Piute County,1438,124,1282,0,4,0,0,28,1092,80,988,0,4,0,0,20,346,44,294,0,0,0,0,8,848,536,312,0,0,0,0,0,0,0,0,0,0
49033,UT,Rich County,2510,97,2337,12,1,2,4,57,1743,68,1636,9,1,0,0,29,767,29,701,3,0,2,4,28,3100,886,2214,51,4,4,0,0,0,47,0,0,47
49035,UT,Salt Lake County,1185238,232088,813287,23650,7320,51049,21288,36556,874895,153486,625100,15940,5628,40434,13830,20477,310343,78602,188187,7710,1692,10615,7458,16079,428279,405229,23050,18037,8441,5128,458,2809,46,9596,4306,0,5290
49037,UT,San Juan County,14518,747,6131,38,7192,41,51,318,10342,478,4497,27,5101,26,41,172,4176,269,1634,11,2091,15,10,146,5489,4649,840,446,134,73,17,44,0,312,183,0,129
49039,UT,Sanpete County,28437,3043,23836,246,244,180,247,641,20434,1912,17479,194,211,111,162,365,8003,1131,6357,52,33,69,85,276,10237,8394,1843,2741,1924,1737,133,54,0,817,757,0,60
49041,UT,Sevier County,21522,1053,19546,77,315,45,49,437,15073,617,13938,35,173,42,35,233,6449,436,5608,42,142,3,14,204,8517,7464,1053,405,363,91,200,72,0,42,0,0,42
49043,UT,Summit County,42357,4737,35628,208,69,740,43,932,32006,3090,27519,155,62,600,30,550,10351,1647,8109,53,7,140,13,382,25674,15688,9986,136,76,28,0,45,3,60,0,0,60
49045,UT,Tooele County,72698,9522,58978,507,448,547,641,2055,48739,5765,40428,341,345,436,383,1041,23959,3757,18550,166,103,111,258,1014,23002,22087,915,539,391,199,66,126,0,148,0,0,148
49047,UT,Uintah County,35620,2834,29037,128,2288,170,98,1065,23846,1697,19749,78,1579,138,49,556,11774,1137,9288,50,709,32,49,509,13657,11993,1664,158,93,12,10,71,0,65,0,0,65
49049,UT,Utah County,659399,88531,524132,4809,2572,10428,6578,22349,443266,55510,358648,3169,1900,8325,4340,11374,216133,33021,165484,1640,672,2103,2238,10975,192570,184558,8012,15926,2046,447,550,777,272,13880,12451,0,1429
49051,UT,Wasatch County,34788,5046,28456,161,68,361,42,654,24210,3105,20292,97,64,291,27,334,10578,1941,8164,64,4,70,15,320,14462,11040,3422,251,224,71,0,153,0,27,0,0,27
49053,UT,Washington County,180279,20482,148896,1093,1577,1880,1617,4734,132737,12931,112672,790,1118,1531,1119,2576,47542,7551,36224,303,459,349,498,2158,74530,62416,12114,2772,1213,420,188,604,1,1559,860,0,699
49055,UT,Wayne County,2486,96,2280,7,19,19,3,62,1950,62,1809,7,19,15,3,35,536,34,471,0,0,4,0,27,1678,1064,614,0,0,0,0,0,0,0,0,0,0
49057,UT,Weber County,262223,48742,195957,3510,1406,3740,959,7909,189592,31065,146475,2706,1105,3056,657,4528,72631,17677,49482,804,301,684,302,3381,95614,89595,6019,3655,1748,902,123,723,0,1907,823,0,1084
50003,VT,Bennington County,37347,939,34393,442,64,416,6,1087,30185,639,28113,329,54,333,6,711,7162,300,6280,113,10,83,0,376,20815,15699,5116,1447,552,0,67,477,8,895,649,0,246
50005,VT,Caledonia County,30233,605,27876,245,95,378,18,1016,24125,422,22491,172,85,260,15,680,6108,183,5385,73,10,118,3,336,15997,12654,3343,1060,242,122,0,120,0,818,374,0,444
50009,VT,Essex County,5920,67,5614,16,14,19,5,185,4891,40,4666,10,13,19,0,143,1029,27,948,6,1,0,5,42,4867,2695,2172,53,0,0,0,0,0,53,0,0,53
50011,VT,Franklin County,49946,915,45799,358,484,327,17,2046,38887,624,35997,267,375,256,13,1355,11059,291,9802,91,109,71,4,691,22642,19918,2724,681,543,198,0,345,0,138,0,0,138
50015,VT,Lamoille County,25945,651,23938,247,89,159,2,859,20744,444,19330,198,74,131,1,566,5201,207,4608,49,15,28,1,293,13878,10994,2884,638,56,0,0,56,0,582,418,0,164
50017,VT,Orange County,29277,477,27339,180,114,173,6,988,23692,336,22302,140,98,145,6,665,5585,141,5037,40,16,28,0,323,14953,12364,2589,635,63,0,1,62,0,572,357,0,215
50021,VT,Rutland County,60572,1225,56244,539,152,478,15,1919,50012,893,46913,416,129,395,15,1251,10560,332,9331,123,23,83,0,668,33869,26651,7218,1891,602,124,9,469,0,1289,921,0,368
50023,VT,Washington County,59807,1569,54680,706,142,673,25,2012,48717,1141,45028,553,118,514,18,1345,11090,428,9652,153,24,159,7,667,30645,25842,4803,2312,443,9,2,405,27,1869,1464,0,405
50027,VT,Windsor County,57753,1230,53336,535,148,571,18,1915,47569,827,44464,400,121,476,13,1268,10184,403,8872,135,27,95,5,647,34625,25859,8766,739,625,312,15,298,0,114,0,0,114
51001,VA,Accomack County,33413,3430,20012,8718,66,260,5,922,26872,2060,17235,6736,62,199,4,576,6541,1370,2777,1982,4,61,1,346,21703,14302,7401,416,277,122,0,155,0,139,45,19,75
27165,MN,Watonwan County,11253,3227,7745,46,13,88,0,134,8416,1963,6278,27,13,66,0,69,2837,1264,1467,19,0,22,0,65,4874,4476,398,165,137,23,0,114,0,28,0,0,28
29037,MO,Cass County,107824,5583,90785,5045,507,889,81,4934,81653,3361,70693,3560,392,692,55,2900,26171,2222,20092,1485,115,197,26,2034,43445,40907,2538,950,819,102,23,694,0,131,62,0,69
29043,MO,Christian County,88842,3012,79939,674,472,653,72,4020,65681,1841,60075,451,370,482,53,2409,23161,1171,19864,223,102,171,19,1611,35134,33385,1749,645,473,93,5,375,0,172,71,0,101
29049,MO,Clinton County,21184,502,19492,227,74,90,5,794,16230,299,15112,179,63,65,4,508,4954,203,4380,48,11,25,1,286,8934,8173,761,470,443,0,0,441,2,27,0,0,27
29055,MO,Crawford County,23056,482,21233,161,108,85,14,973,17846,292,16606,121,91,66,10,660,5210,190,4627,40,17,19,4,313,11378,9314,2064,483,323,89,0,234,0,160,0,0,160
29061,MO,Daviess County,8430,113,8026,33,27,22,10,199,6252,75,5987,18,23,13,10,126,2178,38,2039,15,4,9,0,73,4123,3233,890,109,104,70,0,34,0,5,0,0,5
29067,MO,Douglas County,11578,239,10729,42,74,27,0,467,9074,133,8480,26,59,25,0,351,2504,106,2249,16,15,2,0,116,5346,4635,711,131,103,26,0,77,0,28,0,0,28
29073,MO,Gasconade County,14794,189,13915,25,25,55,9,576,11692,126,11082,21,25,49,7,382,3102,63,2833,4,0,6,2,194,7577,6111,1466,280,234,0,0,233,1,46,0,0,46
29079,MO,Grundy County,9808,241,9178,54,33,56,8,238,7358,146,6946,41,31,48,4,142,2450,95,2232,13,2,8,4,96,4844,3996,848,279,207,0,11,179,17,72,64,0,8
29085,MO,Hickory County,8279,132,7754,18,42,18,0,315,6926,87,6535,13,42,16,0,233,1353,45,1219,5,0,2,0,82,5464,3691,1773,167,167,1,0,166,0,0,0,0,0
29091,MO,Howell County,39750,896,36439,207,268,229,18,1693,30281,523,28061,137,213,173,17,1157,9469,373,8378,70,55,56,1,536,18048,16117,1931,713,522,24,30,468,0,191,68,0,123
29097,MO,Jasper County,122761,11377,97722,2386,1899,1544,442,7391,92315,6652,76397,1786,1401,1203,292,4584,30446,4725,21325,600,498,341,150,2807,52739,48119,4620,2440,922,196,26,690,10,1518,1083,0,435
29101,MO,Johnson County,54013,2595,45016,2375,261,844,213,2709,41848,1753,35362,1955,218,720,131,1709,12165,842,9654,420,43,124,82,1000,22601,20321,2280,3224,585,123,15,446,1,2639,2532,0,107
29107,MO,Lafayette County,32984,1047,29609,699,145,128,12,1344,25400,644,23143,565,114,92,12,830,7584,403,6466,134,31,36,0,514,14065,12864,1201,854,482,150,27,293,12,372,0,0,372
29113,MO,Lincoln County,59574,1541,53948,1140,195,257,32,2461,44385,945,40711,832,162,194,21,1520,15189,596,13237,308,33,63,11,941,23366,21812,1554,750,556,189,24,343,0,194,21,0,173
29119,MO,McDonald County,23303,2818,16935,443,499,385,868,1355,17174,1658,13118,308,378,239,563,910,6129,1160,3817,135,121,146,305,445,9760,8518,1242,130,110,25,15,70,0,20,0,0,20
29125,MO,Maries County,8432,134,7878,32,46,9,0,333,6605,91,6237,14,32,9,0,222,1827,43,1641,18,14,0,0,111,4263,3477,786,77,57,0,0,57,0,20,0,0,20
29131,MO,Miller County,24722,466,23109,129,114,69,31,804,18884,289,17809,90,86,57,20,533,5838,177,5300,39,28,12,11,271,12476,9867,2609,361,348,72,0,276,0,13,0,0,13
29137,MO,Monroe County,8666,159,7970,185,32,33,1,286,6714,101,6271,136,23,19,1,163,1952,58,1699,49,9,14,0,123,4466,3565,901,137,126,16,0,90,20,11,0,0,11
29143,MO,New Madrid County,16434,253,12723,2743,25,65,4,621,12540,144,10017,1946,18,50,1,364,3894,109,2706,797,7,15,3,257,7870,6917,953,290,290,0,30,260,0,0,0,0,0
29149,MO,Oregon County,8635,117,8109,28,65,10,0,306,6744,82,6374,17,51,4,0,216,1891,35,1735,11,14,6,0,90,4316,3671,645,101,97,11,0,86,0,4,0,0,4
29155,MO,Pemiscot County,15661,415,10265,4313,29,40,4,595,11628,269,8106,2899,29,27,4,294,4033,146,2159,1414,0,13,0,301,7484,6442,1042,233,233,82,0,151,0,0,0,0,0
29203,MO,Shannon County,7031,141,6523,5,37,13,1,311,5496,79,5126,4,35,13,0,239,1535,62,1397,1,2,0,1,72,3513,2948,565,80,56,11,0,45,0,24,0,0,24
29209,MO,Stone County,31076,782,28638,104,217,126,21,1188,25786,511,24022,71,181,106,12,883,5290,271,4616,33,36,20,9,305,19935,13296,6639,248,172,0,40,132,0,76,0,0,76
29215,MO,Texas County,24487,515,22246,791,143,72,6,714,19140,344,17375,751,117,60,6,487,5347,171,4871,40,26,12,0,227,11004,9360,1644,1756,1708,1505,17,186,0,48,0,0,48
29221,MO,Washington County,23514,227,21728,626,79,48,1,805,18294,161,16884,585,73,37,0,554,5220,66,4844,41,6,11,1,251,10719,8919,1800,1104,1104,927,7,136,34,0,0,0,0
29227,MO,Worth County,1973,25,1897,0,4,7,5,35,1565,21,1517,0,2,2,0,23,408,4,380,0,2,5,5,12,1114,876,238,36,35,0,0,35,0,1,0,0,1
29510,MO,St. Louis city,301578,15405,132033,129872,642,12463,98,11065,247547,11254,117887,99148,524,11075,81,7578,54031,4151,14146,30724,118,1388,17,3487,173479,144870,28609,11119,2959,1213,109,1353,284,8160,5194,0,2966
12005,FL,Bay County,175216,13846,130096,17839,803,4162,198,8272,139659,9565,107366,13387,666,3431,146,5098,35557,4281,22730,4452,137,731,52,3174,102971,70134,32837,3065,2725,1744,34,901,46,340,38,114,188
12011,FL,Broward County,1944375,608703,683387,528907,3236,77475,998,41669,1546038,470977,585373,396448,2448,61863,801,28128,398337,137726,98014,132459,788,15612,197,13541,860329,756657,103672,14941,10413,3282,101,6487,543,4528,1068,0,3460
12017,FL,Citrus County,153843,9241,133139,4075,472,2490,49,4377,131487,6705,116104,3234,412,2078,32,2922,22356,2536,17035,841,60,412,17,1455,81687,69438,12249,2836,2306,629,88,1589,0,530,0,0,530
12023,FL,Columbia County,69698,5063,49678,11567,239,899,29,2223,54813,3560,40284,8649,190,725,28,1377,14885,1503,9394,2918,49,174,1,846,29775,26424,3351,3601,3390,2788,0,600,2,211,0,0,211
12031,FL,Duval County,995567,112689,502662,289544,2413,49568,1014,37677,781603,80636,421495,213702,1976,39669,808,23317,213964,32053,81167,75842,437,9899,206,14360,435033,399759,35274,22886,9701,3533,117,6051,0,13185,6195,3690,3300
12037,FL,Franklin County,12451,675,9897,1418,41,38,4,378,10555,506,8513,1250,33,28,1,224,1896,169,1384,168,8,10,3,154,8347,4947,3400,1450,1434,1287,0,147,0,16,0,0,16
12043,FL,Glades County,12126,3050,7211,1445,194,39,0,187,10088,2265,6279,1246,125,37,0,136,2038,785,932,199,69,2,0,51,6491,4250,2241,1933,1640,1640,0,0,0,293,0,0,293
12049,FL,Hardee County,25327,10604,11956,2126,55,171,3,412,18840,6845,9801,1764,46,132,3,249,6487,3759,2155,362,9,39,0,163,9820,8059,1761,1899,1744,1672,0,72,0,155,0,0,155
12055,FL,Highlands County,101235,20943,66375,9624,295,1653,62,2283,83524,14713,58727,6990,247,1360,47,1440,17711,6230,7648,2634,48,293,15,843,57486,44376,13110,1409,1077,365,0,708,4,332,23,0,309
12061,FL,Indian River County,159788,20832,119198,13333,283,2436,56,3650,134386,14560,105614,9592,238,1994,43,2345,25402,6272,13584,3741,45,442,13,1305,83529,71177,12352,1453,1134,490,43,601,0,319,123,0,196
12067,FL,Lafayette County,8226,938,6110,1029,16,12,1,120,6819,678,5102,941,16,10,1,71,1407,260,1008,88,0,2,0,49,3284,2727,557,1537,1525,1406,0,119,0,12,0,0,12
12073,FL,Leon County,292198,22914,159697,88239,646,10637,172,9893,236591,17673,135725,67488,541,8481,142,6541,55607,5241,23972,20751,105,2156,30,3352,133478,121085,12393,14940,3496,1944,95,1352,105,11444,10230,0,1214
12077,FL,Liberty County,7974,562,5759,1360,52,21,1,219,6507,410,4642,1243,51,19,0,142,1467,152,1117,117,1,2,1,77,3196,2491,705,1873,1825,1785,40,0,0,48,0,0,48
12083,FL,Marion County,375908,55910,257729,43649,1031,6280,193,11116,308357,40186,222605,32377,881,5124,153,7031,67551,15724,35124,11272,150,1156,40,4085,177380,156906,20474,9681,8979,6636,157,2182,4,702,75,0,627
12087,FL,Monroe County,82874,19432,55557,4681,174,1181,65,1784,70617,15127,49540,3498,143,990,53,1266,12257,4305,6017,1183,31,191,12,518,53961,36436,17525,1016,556,294,17,237,8,460,37,100,323
12093,FL,Okeechobee County,39644,9857,25022,3371,265,348,15,766,30932,6414,20846,2752,173,258,14,475,8712,3443,4176,619,92,90,1,291,18484,14433,4051,2634,2549,2208,187,154,0,85,0,0,85
31005,NE,Arthur County,434,12,400,3,0,0,0,19,316,5,297,3,0,0,0,11,118,7,103,0,0,0,0,8,226,174,52,0,0,0,0,0,0,0,0,0,0
31011,NE,Boone County,5379,183,5092,22,15,8,0,59,4091,108,3921,12,8,5,0,37,1288,75,1171,10,7,3,0,22,2554,2253,301,93,92,5,0,87,0,1,0,0,1
31017,NE,Brown County,2903,176,2645,5,7,6,0,64,2308,123,2139,0,5,5,0,36,595,53,506,5,2,1,0,28,1642,1350,292,25,25,5,0,20,0,0,0,0,0
31023,NE,Butler County,8369,482,7706,36,22,11,1,111,6377,290,5976,23,15,8,1,64,1992,192,1730,13,7,3,0,47,4028,3424,604,154,149,14,0,135,0,5,0,0,5
27159,MN,Wadena County,14065,273,13163,124,73,56,9,367,10590,156,10058,83,49,37,8,199,3475,117,3105,41,24,19,1,168,6939,5815,1124,355,247,4,0,228,15,108,0,0,108
31029,NE,Chase County,3893,562,3249,20,2,11,0,49,2949,354,2534,13,1,10,0,37,944,208,715,7,1,1,0,12,1850,1575,275,110,110,0,0,110,0,0,0,0,0
31035,NE,Clay County,6104,523,5443,11,13,12,0,102,4629,293,4248,8,13,6,0,61,1475,230,1195,3,0,6,0,41,2817,2509,308,67,67,12,0,55,0,0,0,0,0
31039,NE,Cuming County,9013,1112,7686,28,26,21,9,131,6796,695,5981,16,21,15,7,61,2217,417,1705,12,5,6,2,70,4123,3668,455,80,73,0,0,73,0,7,0,0,7
31045,NE,Dawes County,8199,328,7029,169,322,55,6,290,6567,233,5768,159,217,45,6,139,1632,95,1261,10,105,10,0,151,4002,3325,677,745,93,30,0,63,0,652,636,0,16
31051,NE,Dixon County,5606,796,4667,19,20,18,0,86,4218,464,3664,11,13,17,0,49,1388,332,1003,8,7,1,0,37,2520,2206,314,82,80,17,0,63,0,2,0,0,2
31057,NE,Dundy County,1654,103,1499,8,9,1,3,31,1327,60,1240,3,9,1,0,14,327,43,259,5,0,0,3,17,1008,773,235,22,22,0,0,22,0,0,0,0,0
31063,NE,Frontier County,2519,81,2355,18,8,0,3,54,1981,39,1891,6,4,0,3,38,538,42,464,12,4,0,0,16,1395,1048,347,121,27,3,0,24,0,94,94,0,0
31069,NE,Garden County,1874,88,1741,7,3,3,2,30,1519,58,1429,5,2,2,1,22,355,30,312,2,1,1,1,8,1181,883,298,23,23,0,0,23,0,0,0,0,0
31075,NE,Grant County,611,12,577,5,12,1,0,4,474,10,449,5,7,0,0,3,137,2,128,0,5,1,0,1,362,263,99,12,0,0,0,0,0,12,2,0,10
31081,NE,Hamilton County,9429,320,8866,32,30,19,0,162,7028,174,6711,14,18,19,0,92,2401,146,2155,18,12,0,0,70,4088,3715,373,116,116,10,0,106,0,0,0,0,0
01019,AL,Cherokee County,24971,400,22688,1013,110,62,1,697,20169,246,18483,844,88,50,1,457,4802,154,4205,169,22,12,0,240,14513,10411,4102,293,278,115,0,163,0,15,0,0,15
01021,AL,Chilton County,45014,4418,35134,4093,113,189,6,1061,34385,2735,27711,3087,95,137,5,615,10629,1683,7423,1006,18,52,1,446,19438,17302,2136,382,282,148,0,134,0,100,0,0,100
01023,AL,Choctaw County,12665,113,7080,5226,25,20,0,201,10168,75,5719,4206,15,16,0,137,2497,38,1361,1020,10,4,0,64,7104,5675,1429,66,66,0,0,66,0,0,0,0,0
01025,AL,Clarke County,23087,206,12042,10237,76,95,1,430,18249,124,9851,7884,53,72,1,264,4838,82,2191,2353,23,23,0,166,11655,9662,1993,387,340,88,0,252,0,47,0,0,47
01027,AL,Clay County,14236,449,11315,1959,46,49,4,414,11299,287,9185,1530,36,35,1,225,2937,162,2130,429,10,14,3,189,7035,5926,1109,253,250,83,0,167,0,3,0,0,3
01029,AL,Cleburne County,15056,284,13800,461,42,24,2,443,11620,187,10728,363,30,22,0,290,3436,97,3072,98,12,2,2,153,6801,6054,747,191,174,90,0,84,0,17,0,0,17
01031,AL,Coffee County,53465,4887,36171,8731,407,913,58,2298,40774,2996,28710,6631,313,737,45,1342,12691,1891,7461,2100,94,176,13,956,24105,21263,2842,757,621,305,0,316,0,136,0,0,136
01033,AL,Colbert County,57227,1732,43599,9275,225,447,10,1939,45078,1061,35168,7153,203,333,9,1151,12149,671,8431,2122,22,114,1,788,27666,24425,3241,401,302,21,6,275,0,99,0,0,99
01035,AL,Conecuh County,11597,256,5869,5102,75,39,5,251,9277,155,4891,3956,56,34,5,180,2320,101,978,1146,19,5,0,71,6382,5066,1316,125,125,46,0,67,12,0,0,0,0
01037,AL,Coosa County,10387,201,6850,3028,28,13,0,267,8603,112,5789,2481,24,12,0,185,1784,89,1061,547,4,1,0,82,5999,4451,1548,306,306,250,0,56,0,0,0,0,0
01041,AL,Crenshaw County,13194,187,9386,3109,48,90,2,372,10360,119,7516,2405,43,65,2,210,2834,68,1870,704,5,25,0,162,6516,5680,836,159,134,0,0,134,0,25,0,0,25
01043,AL,Cullman County,87866,4146,79005,964,289,540,65,2857,68240,2533,62285,752,248,391,36,1995,19626,1613,16720,212,41,149,29,862,39145,34723,4422,1272,922,258,34,625,5,350,30,0,320
01047,AL,Dallas County,38462,296,10437,26843,56,149,12,669,29613,217,8698,20060,44,124,10,460,8849,79,1739,6783,12,25,2,209,18880,16037,2843,481,382,6,114,262,0,99,0,0,99
01049,AL,DeKalb County,71608,11744,54921,1051,721,246,17,2908,53920,6600,43724,829,533,193,9,2032,17688,5144,11197,222,188,53,8,876,30584,27145,3439,841,707,277,0,430,0,134,0,0,134
01053,AL,Escambia County,36757,751,22166,10949,1489,113,22,1267,28575,444,17785,8464,1052,90,16,724,8182,307,4381,2485,437,23,6,543,16684,14499,2185,2055,2050,1826,0,224,0,5,0,0,5
01055,AL,Etowah County,103436,4895,78394,15091,341,952,41,3722,81121,2916,63284,11456,295,734,24,2412,22315,1979,15110,3635,46,218,17,1310,47306,41974,5332,1628,1222,446,17,727,32,406,118,0,288
01059,AL,Franklin County,32113,6259,23730,1165,129,76,5,749,23931,3729,18706,915,93,49,2,437,8182,2530,5024,250,36,27,3,312,13912,12142,1770,417,406,86,0,320,0,11,0,0,11
01063,AL,Greene County,7730,61,1296,6232,5,8,0,128,6070,50,1110,4795,5,8,0,102,1660,11,186,1437,0,0,0,26,4205,3388,817,72,62,23,0,39,0,10,0,0,10
01065,AL,Hale County,14785,149,6002,8338,34,20,5,237,11483,93,4811,6363,24,17,4,171,3302,56,1191,1975,10,3,1,66,7399,6138,1261,177,159,18,0,141,0,18,0,0,18
01069,AL,Houston County,107202,4481,68894,28396,326,1298,61,3746,82646,2855,55744,20466,270,988,48,2275,24556,1626,13150,7930,56,310,13,1471,49282,44368,4914,815,556,152,36,368,0,259,0,0,259
01071,AL,Jackson County,52579,1681,45464,1661,681,229,3,2860,41768,1040,36726,1328,540,184,2,1948,10811,641,8738,333,141,45,1,912,24627,21733,2894,608,435,142,0,293,0,173,0,0,173
01075,AL,Lamar County,13972,208,11984,1430,28,8,3,311,11019,133,9551,1143,23,2,3,164,2953,75,2433,287,5,6,0,147,7071,5958,1113,144,118,21,0,97,0,26,0,0,26
01077,AL,Lauderdale County,93564,3078,77006,9246,300,771,32,3131,74908,1990,62933,7061,258,631,26,2009,18656,1088,14073,2185,42,140,6,1122,44585,39544,5041,3032,964,261,37,643,23,2068,1914,0,154
01081,AL,Lee County,174241,9135,110920,39474,378,8605,111,5618,136444,6130,89248,30263,290,6865,91,3557,37797,3005,21672,9211,88,1740,20,2061,74856,68728,6128,5373,717,336,26,345,10,4656,4535,0,121
01085,AL,Lowndes County,10311,140,2815,7157,9,20,0,170,8283,98,2433,5585,9,17,0,141,2028,42,382,1572,0,3,0,29,4779,4272,507,188,188,125,0,63,0,0,0,0,0
01087,AL,Macon County,19532,361,3228,15437,49,79,5,373,16226,271,2733,12837,40,72,5,268,3306,90,495,2600,9,7,0,105,9604,7965,1639,2068,80,42,38,0,0,1988,1882,0,106
01091,AL,Marengo County,19323,368,8445,10156,9,58,1,286,15053,262,6855,7705,6,44,0,181,4270,106,1590,2451,3,14,1,105,9777,8226,1551,227,202,46,0,156,0,25,0,0,25
01093,AL,Marion County,29341,863,26245,1115,82,80,14,942,23264,519,21141,893,65,61,14,571,6077,344,5104,222,17,19,0,371,14073,12228,1845,761,641,398,0,243,0,120,0,0,120
01097,AL,Mobile County,414809,13425,229434,146088,3792,8704,228,13138,319427,9156,185212,107054,2863,6706,167,8269,95382,4269,44222,39034,929,1998,61,4869,184441,163750,20691,7745,3693,1759,162,1769,3,4052,2923,0,1129
01099,AL,Monroe County,19772,207,10408,8267,284,93,0,513,15562,128,8495,6328,225,73,0,313,4210,79,1913,1939,59,20,0,200,10127,8337,1790,203,203,76,0,127,0,0,0,0,0
01103,AL,Morgan County,123421,12377,89174,15434,635,889,81,4831,95485,7447,72201,11560,537,656,52,3032,27936,4930,16973,3874,98,233,29,1799,53265,49241,4024,2274,2057,1332,33,676,16,217,0,0,217
01107,AL,Pickens County,19123,1053,10116,7457,28,79,0,390,15447,911,8424,5783,28,64,0,237,3676,142,1692,1674,0,15,0,153,8646,7437,1209,1770,1758,1612,0,146,0,12,0,0,12
01109,AL,Pike County,33009,905,18168,12114,170,593,10,1049,26809,622,15347,9516,143,507,10,664,6200,283,2821,2598,27,86,0,385,15977,13901,2076,2144,203,0,0,203,0,1941,1915,0,26
01113,AL,Russell County,59183,3195,27065,26032,188,433,136,2134,44681,1945,21866,19113,152,358,91,1156,14502,1250,5199,6919,36,75,45,978,27253,23997,3256,557,531,190,24,317,0,26,0,0,26
01115,AL,St. Clair County,91103,2575,75718,8705,254,680,21,3150,70092,1589,59088,6656,211,512,21,2015,21011,986,16630,2049,43,168,0,1135,37775,34376,3399,2093,2059,1300,67,692,0,34,0,0,34
01119,AL,Sumter County,12345,131,2963,8964,26,103,3,155,9914,107,2551,7026,21,103,0,106,2431,24,412,1938,5,0,3,49,6279,5020,1259,1065,84,0,0,84,0,981,981,0,0
01123,AL,Tallapoosa County,41311,1144,28445,10402,86,233,1,1000,33012,707,23566,7835,68,191,0,645,8299,437,4879,2567,18,42,1,355,22686,17376,5310,686,614,113,0,501,0,72,0,0,72
01125,AL,Tuscaloosa County,227036,12298,136096,69077,433,3338,99,5695,179024,8589,112017,51416,355,2764,80,3803,48012,3709,24079,17661,78,574,19,1892,101460,89962,11498,11115,2166,600,36,1022,508,8949,8576,0,373
01129,AL,Washington County,15388,138,10327,3329,1102,18,3,471,12081,95,8235,2647,818,13,1,272,3307,43,2092,682,284,5,2,199,7712,6321,1391,120,114,47,0,67,0,6,0,0,6
01131,AL,Wilcox County,10600,112,2891,7446,11,11,5,124,8260,80,2462,5611,8,8,5,86,2340,32,429,1835,3,3,0,38,5261,4316,945,231,165,103,0,62,0,66,0,0,66
06001,CA,Alameda County,1682353,393749,487786,163462,4311,542768,13821,76456,1338388,286178,422071,134237,3457,433489,10861,48095,343965,107571,65715,29225,854,109279,2960,28361,621958,591636,30322,53833,10130,3406,397,6218,109,43703,17463,421,25819
06003,CA,Alpine County,1204,84,830,12,215,14,0,49,1009,62,748,11,162,13,0,13,195,22,82,1,53,1,0,36,1540,530,1010,52,1,1,0,0,0,51,0,0,51
06007,CA,Butte County,211632,40112,142489,3668,3085,10486,516,11276,168339,28425,118797,2865,2345,7947,422,7538,43293,11687,23692,803,740,2539,94,3738,90133,83268,6865,4941,1449,496,31,902,20,3492,2234,0,1258
06011,CA,Colusa County,21839,13476,7091,208,281,267,71,445,15733,8830,5955,158,199,223,55,313,6106,4646,1136,50,82,44,16,132,8099,7227,872,193,162,68,0,94,0,31,0,0,31
06013,CA,Contra Costa County,1165927,314900,469089,101014,2717,216016,5936,56255,902672,220469,392424,78696,2185,171089,4655,33154,263255,94431,76665,22318,532,44927,1281,23101,423342,407029,16313,11255,4526,1122,181,3199,24,6729,1461,0,5268
06017,CA,El Dorado County,191185,26459,143473,1765,1287,9175,286,8740,152083,17878,118808,1400,1018,7148,225,5606,39102,8581,24665,365,269,2027,61,3134,93467,75320,18147,1271,693,432,44,201,16,578,0,0,578
06019,CA,Fresno County,1008654,540743,279079,45928,6170,110524,1299,24911,730245,362203,231322,33420,4604,81929,1015,15752,278409,178540,47757,12508,1566,28595,284,9159,338441,319296,19145,18416,11403,6885,221,2879,1418,7013,1837,0,5176
01017,AL,Chambers County,34772,1237,18777,13486,72,397,12,791,27791,823,15561,10511,64,347,8,477,6981,414,3216,2975,8,50,4,314,16373,14238,2135,874,504,126,0,378,0,370,329,0,41
06023,CA,Humboldt County,136463,18535,95720,2034,7487,3627,444,8616,109809,13080,80915,1705,5217,2770,337,5785,26654,5455,14805,329,2270,857,107,2831,62120,56422,5698,4507,641,270,33,317,21,3866,1795,26,2045
06025,CA,Imperial County,179702,153027,17363,3992,1593,2317,87,1323,132200,109692,14707,3592,1128,2021,74,986,47502,43335,2656,400,465,296,13,337,56625,52050,4575,8469,7567,7353,13,201,0,902,0,76,826
06029,CA,Kern County,909235,499158,286097,48259,5293,44984,1173,24271,651739,329372,230533,35404,4183,35633,885,15729,257496,169786,55564,12855,1110,9351,288,8542,301009,281498,19511,28704,24211,22474,300,1426,11,4493,516,236,3741
06031,CA,Kings County,152486,86607,45417,8530,1708,5620,338,4266,111935,59175,37015,7029,1199,4667,256,2594,40551,27432,8402,1501,509,953,82,1672,46287,44100,2187,15495,13862,13700,0,162,0,1633,0,1189,444
06035,CA,Lassen County,32730,7531,19863,2288,943,488,286,1331,27226,6363,16335,2229,740,420,205,934,5504,1168,3528,59,203,68,81,397,12216,9888,2328,8810,8736,8679,9,48,0,74,16,0,58
06039,CA,Madera County,156255,93178,49664,4332,1751,3676,129,3525,113229,61040,41640,3688,1306,2916,110,2529,43026,32138,8024,644,445,760,19,996,49572,45607,3965,7169,6531,6130,52,349,0,638,0,0,638
06041,CA,Marin County,262321,49410,177623,6701,588,16483,477,11039,209451,34769,147777,5753,473,13987,423,6269,52870,14641,29846,948,115,2496,54,4770,111564,104167,7397,7743,5138,4148,58,869,63,2605,628,0,1977
06043,CA,Mariposa County,17131,2140,13239,141,411,304,16,880,14187,1473,11363,126,351,256,11,607,2944,667,1876,15,60,48,5,273,9760,7372,2388,262,139,110,0,29,0,123,0,0,123
06045,CA,Mendocino County,91601,23933,57649,761,3551,1802,119,3786,72751,15881,49481,616,2589,1523,96,2565,18850,8052,8168,145,962,279,23,1221,41370,36280,5090,1640,619,387,25,207,0,1021,78,0,943
06047,CA,Merced County,281202,173857,70572,8558,1186,20026,634,6369,200223,114581,57984,6745,963,15381,464,4105,80979,59276,12588,1813,223,4645,170,2264,87783,83464,4319,5052,2191,1582,61,548,0,2861,2186,0,675
06049,CA,Modoc County,8700,1259,6552,84,388,72,13,332,6905,853,5398,59,282,71,10,232,1795,406,1154,25,106,1,3,100,4752,3732,1020,255,164,82,7,75,0,91,0,0,91
27027,MN,Clay County,65318,3011,55064,3183,1034,779,19,2228,48834,1728,42665,1913,664,640,18,1206,16484,1283,12399,1270,370,139,1,1022,26844,24931,1913,3133,515,76,45,393,1,2618,2195,0,423
27029,MN,Clearwater County,8524,101,7230,24,752,26,2,389,6417,69,5625,11,475,23,2,212,2107,32,1605,13,277,3,0,177,4448,3487,961,102,87,17,0,70,0,15,0,0,15
27031,MN,Cook County,5600,123,4749,32,451,51,1,193,4709,83,4094,30,334,43,0,125,891,40,655,2,117,8,1,68,5936,2711,3225,58,36,0,0,36,0,22,0,0,22
27033,MN,Cottonwood County,11517,1115,9520,148,26,367,80,261,8769,663,7536,92,20,275,54,129,2748,452,1984,56,6,92,26,132,5152,4671,481,341,219,13,0,206,0,122,0,0,122
27035,MN,Crow Wing County,66123,912,62140,446,627,362,20,1616,52003,550,49585,292,408,285,16,867,14120,362,12555,154,219,77,4,749,41568,27872,13696,1287,809,107,19,662,21,478,0,0,478
27037,MN,Dakota County,439882,36305,328699,32953,1522,24301,215,15887,332708,22864,262030,20734,1133,18057,165,7725,107174,13441,66669,12219,389,6244,50,8162,173469,168008,5461,3995,2366,110,27,2170,59,1629,0,0,1629
27039,MN,Dodge County,20867,1057,19052,146,38,111,1,462,15339,621,14306,92,24,85,1,210,5528,436,4746,54,14,26,0,252,8291,7903,388,124,85,0,0,85,0,39,0,0,39
27041,MN,Douglas County,39006,815,36934,238,105,234,11,669,30580,475,29320,155,80,165,11,374,8426,340,7614,83,25,69,0,295,21769,16557,5212,810,561,39,7,515,0,249,63,0,186
27043,MN,Faribault County,13921,1013,12514,67,58,53,0,216,10870,597,10025,53,37,44,0,114,3051,416,2489,14,21,9,0,102,6916,6086,830,164,136,10,5,121,0,28,0,0,28
27045,MN,Fillmore County,21228,341,20375,115,8,78,2,309,16111,235,15561,84,8,55,2,166,5117,106,4814,31,0,23,0,143,9583,8605,978,429,376,9,0,367,0,53,22,0,31
27049,MN,Goodhue County,47582,1797,43039,701,542,369,34,1100,36901,1120,34110,458,367,285,23,538,10681,677,8929,243,175,84,11,562,20864,19499,1365,752,579,85,74,420,0,173,0,0,173
27051,MN,Grant County,6074,135,5748,14,27,14,9,127,4655,91,4447,12,15,14,6,70,1419,44,1301,2,12,0,3,57,3155,2540,615,89,39,0,0,39,0,50,0,0,50
27055,MN,Houston County,18843,243,17968,100,43,104,4,381,14636,154,14125,56,34,76,4,187,4207,89,3843,44,9,28,0,194,8731,8013,718,267,156,12,0,144,0,111,0,0,111
27057,MN,Hubbard County,21344,489,19370,96,561,72,12,744,16554,266,15386,65,369,64,4,400,4790,223,3984,31,192,8,8,344,14705,8885,5820,277,128,33,0,95,0,149,0,0,149
27061,MN,Itasca County,45014,618,40769,209,1498,162,3,1755,35503,370,32914,146,959,133,1,980,9511,248,7855,63,539,29,2,775,25375,18968,6407,1034,654,140,45,451,18,380,103,0,277
27065,MN,Kanabec County,16032,238,15172,69,113,82,0,358,12543,119,12030,40,82,58,0,214,3489,119,3142,29,31,24,0,144,7735,6530,1205,299,145,22,1,122,0,154,0,0,154
27067,MN,Kandiyohi County,43732,5916,33764,2643,116,597,38,658,32859,3529,27059,1430,83,397,17,344,10873,2387,6705,1213,33,200,21,314,19950,17079,2871,1025,559,68,49,425,17,466,0,0,466
27071,MN,Koochiching County,12062,167,11079,53,278,37,12,436,9831,104,9168,47,201,36,6,269,2231,63,1911,6,77,1,6,167,7402,5604,1798,204,107,8,0,99,0,97,45,0,52
27073,MN,Lac qui Parle County,6719,202,6310,36,10,42,1,118,5273,121,5034,29,4,31,0,54,1446,81,1276,7,6,11,1,64,3471,2954,517,133,110,2,0,108,0,23,0,0,23
27077,MN,Lake of the Woods County,3763,56,3531,18,19,18,0,121,3066,31,2926,16,17,16,0,60,697,25,605,2,2,2,0,61,3391,1745,1646,30,30,6,0,24,0,0,0,0,0
27079,MN,Le Sueur County,28674,1872,25728,283,69,140,20,562,21841,1095,20090,178,51,111,20,296,6833,777,5638,105,18,29,0,266,12811,11287,1524,316,208,2,0,206,0,108,0,0,108
27083,MN,Lyon County,25269,1744,20711,918,84,1267,3,542,18861,1007,16126,599,58,810,3,258,6408,737,4585,319,26,457,0,284,11180,10137,1043,673,260,30,3,204,23,413,233,0,180
27085,MN,McLeod County,36771,2555,32903,247,103,239,27,697,28494,1488,26188,169,80,186,21,362,8277,1067,6715,78,23,53,6,335,15820,15004,816,661,532,6,11,515,0,129,0,0,129
27089,MN,Marshall County,9040,390,8393,17,29,21,0,190,6903,221,6532,12,23,15,0,100,2137,169,1861,5,6,6,0,90,4416,3836,580,79,63,9,0,54,0,16,0,0,16
27091,MN,Martin County,20025,1320,18101,123,33,97,6,345,15673,801,14485,70,27,84,5,201,4352,519,3616,53,6,13,1,144,9748,8748,1000,298,167,13,0,154,0,131,0,0,131
27095,MN,Mille Lacs County,26459,481,23502,104,1469,139,7,757,20290,257,18449,77,928,116,6,457,6169,224,5053,27,541,23,1,300,12786,10593,2193,424,341,35,52,233,21,83,0,0,83
27097,MN,Morrison County,34010,633,32307,198,112,108,5,647,25976,371,25001,104,84,84,3,329,8034,262,7306,94,28,24,2,318,16074,13688,2386,531,272,14,12,246,0,259,0,0,259
27101,MN,Murray County,8179,382,7544,28,9,108,4,104,6401,228,5993,25,5,74,4,72,1778,154,1551,3,4,34,0,32,4388,3581,807,87,49,0,0,49,0,38,0,0,38
27103,MN,Nicollet County,34454,1800,29557,1690,142,568,11,686,26581,1128,23446,1060,114,472,9,352,7873,672,6111,630,28,96,2,334,13371,12728,643,3253,439,12,38,389,0,2814,1939,0,875
27107,MN,Norman County,6441,288,5773,25,115,21,0,219,4975,164,4577,21,77,16,0,120,1466,124,1196,4,38,5,0,99,3230,2733,497,101,92,0,0,92,0,9,0,0,9
27109,MN,Olmsted County,162847,9196,126461,11150,386,10286,73,5295,124225,5781,100879,6953,295,7801,58,2458,38622,3415,25582,4197,91,2485,15,2837,69270,65242,4028,3201,1889,733,17,1123,16,1312,267,0,1045
27113,MN,Pennington County,13992,671,12340,189,167,126,6,493,10854,407,9817,138,108,98,2,284,3138,264,2523,51,59,28,4,209,6639,6077,562,266,114,29,0,85,0,152,110,0,42
27115,MN,Pine County,28876,713,25542,494,971,275,3,878,22986,479,20713,439,674,211,2,468,5890,234,4829,55,297,64,1,410,16886,11442,5444,1540,1396,1306,0,90,0,144,3,0,141
27119,MN,Polk County,31192,1999,26748,976,377,169,4,919,23515,1166,20825,615,272,132,0,505,7677,833,5923,361,105,37,4,414,14623,12534,2089,1265,586,134,9,443,0,679,392,0,287
27121,MN,Pope County,11308,191,10850,41,27,53,0,146,8808,95,8564,29,23,38,0,59,2500,96,2286,12,4,15,0,87,6367,4862,1505,145,115,0,0,115,0,30,0,0,30
27125,MN,Red Lake County,3935,103,3651,18,57,7,3,96,2987,58,2809,17,37,4,0,62,948,45,842,1,20,3,3,34,1876,1653,223,29,15,0,0,15,0,14,0,0,14
27127,MN,Redwood County,15425,496,13196,82,776,422,1,452,11521,234,10301,55,494,232,1,204,3904,262,2895,27,282,190,0,248,7086,6318,768,293,194,16,5,173,0,99,0,0,99
27131,MN,Rice County,67097,6783,52379,4475,302,1612,15,1531,52206,4469,42278,2945,266,1429,11,808,14891,2314,10101,1530,36,183,4,723,25018,23416,1602,7251,2362,1998,0,363,1,4889,4333,0,556
27133,MN,Rock County,9704,364,8937,50,48,63,10,232,7257,208,6827,26,31,46,1,118,2447,156,2110,24,17,17,9,114,4222,3892,330,236,194,0,16,171,7,42,0,0,42
27137,MN,St. Louis County,200231,3603,178468,4252,4326,1968,63,7551,162074,2343,147212,3242,3189,1655,48,4385,38157,1260,31256,1010,1137,313,15,3166,103681,86540,17141,8967,2858,667,180,2001,10,6109,3307,0,2802
27139,MN,Scott County,150928,9008,117352,8343,1416,10039,71,4699,110072,5529,89061,4870,973,7510,55,2074,40856,3479,28291,3473,443,2529,16,2625,54658,52645,2013,1334,1211,622,15,532,42,123,0,0,123
27143,MN,Sibley County,14836,1315,13066,89,30,79,10,247,11403,802,10339,52,23,60,10,117,3433,513,2727,37,7,19,0,130,6454,5989,465,262,157,0,0,157,0,105,0,0,105
27145,MN,Stearns County,158292,6951,130454,13384,448,3213,70,3772,120904,4309,103902,7710,336,2650,50,1947,37388,2642,26552,5674,112,563,20,1825,65684,60448,5236,7142,1063,93,43,768,159,6079,4805,0,1274
27149,MN,Stevens County,9671,986,8164,94,112,72,1,242,7429,663,6397,80,75,64,1,149,2242,323,1767,14,37,8,0,93,4213,3697,516,685,66,0,0,66,0,619,545,0,74
27151,MN,Swift County,9838,662,8695,80,26,79,133,163,7541,376,6904,41,20,44,72,84,2297,286,1791,39,6,35,61,79,4693,4064,629,369,252,1,8,243,0,117,0,0,117
27155,MN,Traverse County,3360,197,2857,22,183,1,0,100,2629,135,2343,12,92,1,0,46,731,62,514,10,91,0,0,54,1877,1439,438,114,100,14,0,86,0,14,0,0,14
27157,MN,Wabasha County,21387,708,20084,128,32,99,6,330,16743,405,15965,69,30,76,2,196,4644,303,4119,59,2,23,4,134,10158,8923,1235,310,246,10,10,226,0,64,0,0,64
27161,MN,Waseca County,18968,1271,16710,344,114,113,12,404,14553,778,13133,233,109,82,4,214,4415,493,3577,111,5,31,8,190,7895,7387,508,934,830,680,0,150,0,104,0,0,104
27163,MN,Washington County,267568,13094,211545,14104,1013,18674,81,9057,201867,7921,166727,9265,798,12701,64,4391,65701,5173,44818,4839,215,5973,17,4666,104014,99507,4507,3756,3059,1966,19,1065,9,697,96,0,601
27167,MN,Wilkin County,6506,211,5985,42,87,11,1,169,4974,128,4684,27,52,6,0,77,1532,83,1301,15,35,5,1,92,2972,2735,237,89,69,3,4,54,8,20,0,0,20
27169,MN,Winona County,49671,1889,44629,934,85,946,5,1183,40382,1286,36920,639,74,769,5,689,9289,603,7709,295,11,177,0,494,21716,20111,1605,3522,406,9,0,384,13,3116,2848,0,268
27171,MN,Wright County,141337,4697,127689,2760,337,1946,38,3870,101389,2698,93497,1676,246,1436,31,1805,39948,1999,34192,1084,91,510,7,2065,54467,50509,3958,1107,721,65,92,548,16,386,0,0,386
27173,MN,Yellow Medicine County,9528,448,8448,51,278,29,1,273,7349,261,6698,35,204,20,0,131,2179,187,1750,16,74,9,1,142,4513,4040,473,126,64,10,12,42,0,62,4,0,58
29001,MO,Adair County,25314,661,21762,1281,43,690,13,864,20460,499,17757,934,36,620,10,604,4854,162,4005,347,7,70,3,260,11338,9886,1452,2637,279,50,20,194,15,2358,2332,0,26
29003,MO,Andrew County,18135,391,16922,152,41,94,0,535,13703,232,12933,106,38,68,0,326,4432,159,3989,46,3,26,0,209,7551,7065,486,129,129,0,0,129,0,0,0,0,0
29005,MO,Atchison County,5305,73,5044,27,25,13,0,123,4168,43,4004,10,21,10,0,80,1137,30,1040,17,4,3,0,43,2731,2335,396,90,77,9,0,68,0,13,0,0,13
29007,MO,Audrain County,24962,731,21702,1324,66,123,2,1014,19070,455,16887,1034,54,93,0,547,5892,276,4815,290,12,30,2,467,10542,9414,1128,1896,1489,1242,0,225,22,407,0,0,407
29009,MO,Barry County,34534,3333,28426,133,317,817,71,1437,26586,1995,22634,103,245,504,37,1068,7948,1338,5792,30,72,313,34,369,16990,13720,3270,236,236,44,0,192,0,0,0,0,0
29011,MO,Barton County,11637,266,10650,31,145,44,2,499,8773,148,8158,24,112,26,2,303,2864,118,2492,7,33,18,0,196,5290,4702,588,22,11,10,1,0,0,11,0,0,11
51005,VA,Alleghany County,15223,178,13824,689,22,66,7,437,12380,123,11403,558,17,43,2,234,2843,55,2421,131,5,23,5,203,7934,6699,1235,296,263,0,43,220,0,33,7,0,26
51007,VA,Amelia County,13265,425,9779,2559,19,68,0,415,10588,258,7824,2177,18,63,0,248,2677,167,1955,382,1,5,0,167,5704,5206,498,103,83,0,0,83,0,20,0,0,20
51011,VA,Appomattox County,16119,344,12283,2903,51,54,3,481,12545,181,9796,2234,35,40,0,259,3574,163,2487,669,16,14,3,222,7301,6470,831,95,56,0,0,56,0,39,0,0,39
51013,VA,Arlington County,238643,37362,142685,20914,286,27472,127,9797,196563,27920,121406,17221,226,23721,112,5957,42080,9442,21279,3693,60,3751,15,3840,119085,109912,9173,2986,1090,247,12,831,0,1896,678,597,621
51017,VA,Bath County,4209,73,3865,115,3,17,1,135,3512,55,3253,101,2,16,1,84,697,18,612,14,1,1,0,51,3239,1891,1348,63,40,0,0,40,0,23,0,0,23
51019,VA,Bedford County,79462,2055,68768,4973,178,1003,35,2450,63582,1292,55989,3978,148,748,19,1408,15880,763,12779,995,30,255,16,1042,37249,32486,4763,528,462,81,0,377,4,66,0,0,66
51023,VA,Botetourt County,33596,776,30720,937,44,245,4,870,26924,460,24945,779,36,179,3,522,6672,316,5775,158,8,66,1,348,14888,13498,1390,371,366,109,4,253,0,5,0,0,5
51025,VA,Brunswick County,15849,387,6498,8585,23,45,5,306,13337,264,5609,7226,17,34,5,182,2512,123,889,1359,6,11,0,124,7893,6191,1702,2013,2007,1935,0,72,0,6,0,0,6
51029,VA,Buckingham County,16824,413,10403,5413,49,65,0,481,13623,304,8433,4541,34,53,0,258,3201,109,1970,872,15,12,0,223,7133,5991,1142,2187,2096,2036,7,53,0,91,0,0,91
51031,VA,Campbell County,55696,1815,43292,7851,172,630,9,1927,44155,1156,34993,6272,136,491,9,1098,11541,659,8299,1579,36,139,0,829,25060,22955,2105,776,682,277,5,400,0,94,0,0,94
51035,VA,Carroll County,29155,1042,27199,175,40,86,4,609,23710,607,22451,128,27,71,4,422,5445,435,4748,47,13,15,0,187,16579,12744,3835,163,116,0,10,106,0,47,0,0,47
51036,VA,Charles City County,6773,101,3042,2849,447,39,6,289,5779,79,2610,2471,391,35,6,187,994,22,432,378,56,4,0,102,3245,2966,279,0,0,0,0,0,0,0,0,0,0
51037,VA,Charlotte County,11529,253,7735,3167,21,27,6,320,9129,171,6177,2560,18,20,6,177,2400,82,1558,607,3,7,0,143,5956,4899,1057,153,141,74,0,67,0,12,0,0,12
51043,VA,Clarke County,14783,887,12508,586,38,221,16,527,11893,578,10295,482,29,182,8,319,2890,309,2213,104,9,39,8,208,6371,5847,524,248,217,0,46,171,0,31,0,0,31
51045,VA,Craig County,4892,53,4664,14,5,12,3,141,3973,31,3827,6,5,9,3,92,919,22,837,8,0,3,0,49,2584,2111,473,0,0,0,0,0,0,0,0,0,0
51049,VA,Cumberland County,9675,241,6156,2832,39,40,8,359,7701,148,4965,2311,35,36,6,200,1974,93,1191,521,4,4,2,159,4636,4041,595,33,0,0,0,0,0,33,0,0,33
51051,VA,Dickenson County,14124,83,13746,52,22,15,2,204,11373,54,11107,39,20,9,2,142,2751,29,2639,13,2,6,0,62,7344,6054,1290,410,398,314,0,84,0,12,0,0,12
51057,VA,Essex County,10599,369,5918,3759,61,69,3,420,8598,235,5069,2947,50,57,0,240,2001,134,849,812,11,12,3,180,5742,4572,1170,82,49,0,0,49,0,33,23,0,10
51059,VA,Fairfax County,1150309,199234,553957,111050,1558,235292,837,48381,882106,139127,445899,84218,1152,184918,652,26140,268203,60107,108058,26832,406,50374,185,22241,427149,411055,16094,11396,3302,667,65,2570,0,8094,5811,83,2200
51063,VA,Floyd County,15476,487,14244,252,19,59,0,415,12408,335,11536,214,10,37,0,276,3068,152,2708,38,9,22,0,139,7924,6639,1285,105,94,0,0,94,0,11,0,0,11
51065,VA,Fluvanna County,27249,1107,21018,3718,70,232,8,1096,21838,742,17204,3053,57,183,8,591,5411,365,3814,665,13,49,0,505,11127,10280,847,1221,1127,1068,0,59,0,94,94,0,0
51069,VA,Frederick County,91419,9990,72550,3724,126,1717,41,3271,70428,6213,58085,2880,101,1329,36,1784,20991,3777,14465,844,25,388,5,1487,35827,34073,1754,1053,781,475,53,198,55,272,198,0,74
51071,VA,Giles County,16787,244,15790,243,29,71,0,410,13425,177,12696,181,28,57,0,286,3362,67,3094,62,1,14,0,124,8285,7107,1178,138,124,0,0,124,0,14,0,0,14
51075,VA,Goochland County,24727,862,19330,3293,60,515,4,663,20405,577,16108,2834,49,443,4,390,4322,285,3222,459,11,72,0,273,10550,9780,770,917,887,748,47,92,0,30,0,0,30
51077,VA,Grayson County,15333,596,13459,897,26,29,2,324,12874,401,11372,837,23,22,2,217,2459,195,2087,60,3,7,0,107,8924,6512,2412,1095,1035,913,0,122,0,60,0,0,60
51081,VA,Greensville County,11391,276,4242,6625,20,33,0,195,9691,224,3719,5575,13,29,0,131,1700,52,523,1050,7,4,0,64,4001,3442,559,3313,3306,3273,33,0,0,7,0,0,7
51083,VA,Halifax County,34022,760,20394,11794,80,237,4,753,27225,484,16580,9483,66,171,3,438,6797,276,3814,2311,14,66,1,315,17275,14698,2577,625,612,236,6,370,0,13,0,0,13
51087,VA,Henrico County,334389,22085,170255,97231,914,32481,139,11284,258936,14583,139249,74351,703,23489,108,6453,75453,7502,31006,22880,211,8992,31,4831,140739,134234,6505,4108,2995,656,73,2266,0,1113,197,0,916
51089,VA,Henry County,50948,3301,34639,11117,70,311,7,1503,41087,1971,28980,9017,58,234,6,821,9861,1330,5659,2100,12,77,1,682,25422,22199,3223,693,580,283,0,288,9,113,0,0,113
51093,VA,Isle of Wight County,38606,1199,26742,8664,141,413,32,1415,30382,755,21436,6907,122,317,16,829,8224,444,5306,1757,19,96,16,586,16441,15268,1173,207,176,0,0,176,0,31,0,0,31
51095,VA,James City County,78254,5199,57370,9996,172,2293,50,3174,62868,3276,48009,7796,130,1867,37,1753,15386,1923,9361,2200,42,426,13,1421,33993,31627,2366,1388,1248,371,30,558,289,140,0,0,140
51097,VA,King and Queen County,6608,182,4511,1580,82,25,3,225,5456,128,3798,1303,69,19,0,139,1152,54,713,277,13,6,3,86,3454,2884,570,0,0,0,0,0,0,0,0,0,0
51099,VA,King George County,26723,1582,19009,3972,155,422,14,1569,19948,970,14559,3109,112,352,12,834,6775,612,4450,863,43,70,2,735,10322,9548,774,231,85,0,0,85,0,146,0,128,18
51101,VA,King William County,17810,476,13641,2604,279,137,9,664,13744,289,10609,2158,208,109,5,366,4066,187,3032,446,71,28,4,298,7402,6914,488,68,50,0,0,50,0,18,0,0,18
51103,VA,Lancaster County,10919,125,7519,2956,15,81,1,222,9388,89,6782,2289,11,71,1,145,1531,36,737,667,4,10,0,77,7448,5211,2237,241,233,18,0,215,0,8,0,0,8
51105,VA,Lee County,22173,476,20298,876,69,46,0,408,17900,398,16243,855,64,43,0,297,4273,78,4055,21,5,3,0,111,10835,9067,1768,1466,1466,1352,0,114,0,0,0,0,0
51107,VA,Loudoun County,420959,59744,221247,30654,570,89848,243,18653,302792,39862,167295,22556,349,63229,196,9305,118167,19882,53952,8098,221,26619,47,9348,142074,137442,4632,1241,651,0,3,648,0,590,262,0,328
51109,VA,Louisa County,37596,1365,28867,5440,99,270,19,1536,29861,851,23346,4468,92,210,18,876,7735,514,5521,972,7,60,1,660,17489,14921,2568,107,103,0,14,89,0,4,0,0,4
51111,VA,Lunenburg County,11936,589,7094,3788,32,28,5,400,9579,314,5853,3138,23,28,5,218,2357,275,1241,650,9,0,0,182,5868,4758,1110,990,953,953,0,0,0,37,0,0,37
51113,VA,Madison County,13837,441,11674,1075,15,92,1,539,10922,287,9359,904,14,83,0,275,2915,154,2315,171,1,9,1,264,6051,5317,734,238,110,0,0,110,0,128,75,0,53
51115,VA,Mathews County,8533,197,7292,670,7,52,15,300,7212,123,6247,587,5,38,12,200,1321,74,1045,83,2,14,3,100,5455,3762,1693,88,43,0,0,43,0,45,0,0,45
51117,VA,Mecklenburg County,30319,821,18019,10419,74,223,1,762,24728,546,15245,8287,56,168,0,426,5591,275,2774,2132,18,55,1,336,19004,13236,5768,909,832,431,0,401,0,77,0,0,77
51119,VA,Middlesex County,10625,259,8407,1529,24,34,3,369,9035,169,7272,1313,24,32,0,225,1590,90,1135,216,0,2,3,144,7100,4751,2349,374,305,162,0,143,0,69,0,0,69
51121,VA,Montgomery County,99721,4651,78667,4165,130,8350,47,3711,83609,3587,66287,3472,109,7549,36,2569,16112,1064,12380,693,21,801,11,1142,41134,38026,3108,10893,502,71,12,395,24,10391,10247,0,144
51125,VA,Nelson County,14775,663,11996,1547,48,74,2,445,12287,425,10183,1284,37,61,0,297,2488,238,1813,263,11,13,2,148,9871,6466,3405,57,40,0,0,40,0,17,0,0,17
51127,VA,New Kent County,22945,731,18035,2757,226,238,10,948,18177,482,14420,2321,180,199,9,566,4768,249,3615,436,46,39,1,382,9059,8580,479,572,533,526,7,0,0,39,0,0,39
51131,VA,Northampton County,12282,1068,7003,3763,60,83,8,297,10057,675,6071,3040,40,64,8,159,2225,393,932,723,20,19,0,138,7373,5457,1916,256,184,58,0,126,0,72,0,0,72
51133,VA,Northumberland County,11839,351,8400,2690,15,73,2,308,10114,221,7523,2101,15,63,2,189,1725,130,877,589,0,10,0,119,8947,5573,3374,0,0,0,0,0,0,0,0,0,0
51135,VA,Nottoway County,15642,773,8519,5794,51,72,3,430,12721,519,7087,4776,36,52,0,251,2921,254,1432,1018,15,20,3,179,6629,5645,984,2342,1886,1579,0,182,125,456,0,0,456
51137,VA,Orange County,36254,2171,27684,4374,94,332,19,1580,28591,1343,22587,3444,75,266,19,857,7663,828,5097,930,19,66,0,723,15671,14190,1481,259,247,98,0,149,0,12,0,0,12
51139,VA,Page County,23709,497,22023,446,49,122,8,564,18981,318,17795,371,41,104,5,347,4728,179,4228,75,8,18,3,217,11751,9866,1885,208,200,58,0,142,0,8,0,0,8
51141,VA,Patrick County,17608,567,15694,849,25,60,3,410,14532,348,13130,706,25,58,3,262,3076,219,2564,143,0,2,0,148,9994,7839,2155,362,342,126,0,216,0,20,0,0,20
51145,VA,Powhatan County,30333,792,25807,2502,61,178,19,974,23936,504,20393,2229,57,151,12,590,6397,288,5414,273,4,27,7,384,11591,11055,536,1075,1035,1008,27,0,0,40,0,0,40
51147,VA,Prince Edward County,21849,1088,10624,9238,34,203,0,662,18384,918,8942,7895,27,157,0,445,3465,170,1682,1343,7,46,0,217,9087,7662,1425,4384,1327,1031,14,282,0,3057,2997,0,60
51149,VA,Prince George County,43010,4344,22989,12786,229,852,142,1668,34541,3153,18945,10440,186,761,100,956,8469,1191,4044,2346,43,91,42,712,13378,12579,799,9316,3930,3914,16,0,0,5386,0,5335,51
51155,VA,Pulaski County,33800,704,29953,1672,50,191,4,1226,27769,460,25014,1402,39,133,3,718,6031,244,4939,270,11,58,1,508,16990,14523,2467,1049,1037,860,0,166,11,12,0,0,12
51157,VA,Rappahannock County,7348,289,6530,205,17,66,0,241,6139,215,5528,183,9,62,0,142,1209,74,1002,22,8,4,0,99,3826,3202,624,20,20,0,0,20,0,0,0,0,0
51161,VA,Roanoke County,96929,3507,80672,5810,160,3492,27,3261,77144,2166,65843,4471,132,2625,25,1882,19785,1341,14829,1339,28,867,2,1379,42147,39777,2370,2151,1481,885,13,536,47,670,512,0,158
31087,NE,Hitchcock County,2616,87,2490,0,0,2,4,33,2033,54,1957,0,0,1,4,17,583,33,533,0,0,1,0,16,1571,1137,434,39,39,7,0,32,0,0,0,0,0
31093,NE,Howard County,6475,146,6200,15,14,13,1,86,4880,75,4732,10,2,13,1,47,1595,71,1468,5,12,0,0,39,2865,2616,249,107,107,0,0,107,0,0,0,0,0
31099,NE,Kearney County,6688,385,6130,6,15,14,2,136,5004,221,4687,5,9,13,0,69,1684,164,1443,1,6,1,2,67,2966,2727,239,67,67,2,0,65,0,0,0,0,0
31105,NE,Kimball County,3434,262,3058,3,24,16,0,71,2762,183,2497,3,20,13,0,46,672,79,561,0,4,3,0,25,1805,1501,304,70,70,9,0,61,0,0,0,0,0
31111,NE,Lincoln County,34676,3011,29962,410,148,337,7,801,26576,1903,23532,289,108,250,6,488,8100,1108,6430,121,40,87,1,313,16526,14683,1843,606,463,155,10,298,0,143,51,0,92
31117,NE,McPherson County,399,3,385,0,4,2,0,5,323,0,320,0,0,2,0,1,76,3,65,0,4,0,0,4,232,168,64,0,0,0,0,0,0,0,0,0,0
31123,NE,Morrill County,4555,648,3757,22,38,21,0,69,3542,431,3007,11,34,18,0,41,1013,217,750,11,4,3,0,28,2272,1905,367,101,88,2,0,86,0,13,0,0,13
31127,NE,Nemaha County,7074,208,6570,59,27,32,0,178,5442,140,5094,56,21,27,0,104,1632,68,1476,3,6,5,0,74,3312,2814,498,526,77,13,0,64,0,449,404,0,45
31175,NE,Valley County,4059,116,3873,18,6,6,5,35,3102,65,2980,16,6,6,5,24,957,51,893,2,0,0,0,11,2104,1806,298,37,34,0,0,34,0,3,0,0,3
31179,NE,Wayne County,9697,991,7912,365,29,129,8,263,7738,667,6387,353,21,129,0,181,1959,324,1525,12,8,0,8,82,3950,3524,426,1203,49,0,0,49,0,1154,1141,0,13
31185,NE,York County,14125,839,12664,174,71,93,2,282,10884,550,9893,142,51,81,2,165,3241,289,2771,32,20,12,0,117,6320,5663,657,863,480,304,39,137,0,383,364,0,19
32005,NV,Douglas County,49488,6141,39537,242,810,924,82,1752,41225,4249,34116,202,580,795,66,1217,8263,1892,5421,40,230,129,16,535,24309,21400,2909,234,96,12,24,51,9,138,0,0,138
32011,NV,Eureka County,1855,178,1582,5,21,9,3,57,1449,130,1260,4,8,7,3,37,406,48,322,1,13,2,0,20,962,802,160,0,0,0,0,0,0,0,0,0,0
32017,NV,Lincoln County,4499,294,3870,170,26,22,13,104,3414,193,2973,131,26,22,11,58,1085,101,897,39,0,0,2,46,2203,1719,484,315,315,236,58,21,0,0,0,0,0
32023,NV,Nye County,51591,7927,38040,1581,624,1073,222,2124,43104,5518,33188,1292,517,977,160,1452,8487,2409,4852,289,107,96,62,672,25191,21763,3428,1304,1196,953,55,188,0,108,0,0,108
32031,NV,Washoe County,486492,122204,293833,12291,5844,28426,3285,20609,383847,82660,247861,9588,4464,23781,2277,13216,102645,39544,45972,2703,1380,4645,1008,7393,207209,191885,15324,7242,2123,966,153,892,112,5119,3267,0,1852
33001,NH,Belknap County,63705,1261,59458,383,135,602,12,1854,52453,788,49582,263,112,490,7,1211,11252,473,9876,120,23,112,5,643,38252,27027,11225,1002,739,62,0,658,19,263,26,0,237
33007,NH,Coos County,31268,672,28923,512,85,201,3,872,26167,469,24400,464,76,162,3,593,5101,203,4523,48,9,39,0,279,20444,13908,6536,1313,1229,715,10,504,0,84,0,0,84
33013,NH,Merrimack County,153808,3880,139305,2704,321,3095,62,4441,125255,2658,114930,2005,271,2428,48,2915,28553,1222,24375,699,50,667,14,1526,65565,60420,5145,8211,3610,2530,73,999,8,4601,3528,0,1073
33019,NH,Sullivan County,43063,822,39913,243,136,431,7,1511,35026,520,32834,187,108,321,6,1050,8037,302,7079,56,28,110,1,461,21797,18164,3633,823,348,43,17,288,0,475,109,0,366
22005,LA,Ascension Parish,126500,10383,80486,30497,270,1730,35,3099,91957,6661,60783,21346,191,1267,25,1684,34543,3722,19703,9151,79,463,10,1415,49690,45866,3824,628,569,311,0,258,0,59,0,0,59
22011,LA,Beauregard Parish,36549,1271,29277,4121,275,232,28,1345,27489,828,22173,3292,219,178,19,780,9060,443,7104,829,56,54,9,565,15771,13797,1974,1062,1062,904,0,158,0,0,0,0,0
22017,LA,Caddo Parish,237848,8381,103227,115341,916,3274,127,6582,182407,5618,84988,84199,758,2570,95,4179,55441,2763,18239,31142,158,704,32,2403,112323,99029,13294,4079,3400,1214,56,2130,0,679,248,0,431
22023,LA,Cameron Parish,5617,197,5215,74,30,14,1,86,4358,130,4098,53,16,14,1,46,1259,67,1117,21,14,0,0,40,4175,2121,2054,24,24,24,0,0,0,0,0,0,0
22029,LA,Concordia Parish,18687,459,10220,7490,39,117,1,361,14217,310,8059,5500,34,98,0,216,4470,149,2161,1990,5,19,1,145,8964,7225,1739,872,851,746,0,105,0,21,0,0,21
22035,LA,East Carroll Parish,7459,115,2044,5166,2,18,0,114,5901,80,1758,3967,2,17,0,77,1558,35,286,1199,0,1,0,37,2791,2375,416,1647,1647,1595,0,52,0,0,0,0,0
22041,LA,Franklin Parish,19774,276,12515,6514,26,40,0,403,15028,183,9921,4634,23,32,0,235,4746,93,2594,1880,3,8,0,168,8883,7727,1156,337,274,0,0,274,0,63,0,0,63
22047,LA,Iberville Parish,30241,1418,14747,13360,59,132,13,512,24086,1187,12383,10005,50,105,10,346,6155,231,2364,3355,9,27,3,166,13198,11208,1990,2773,2411,2225,0,186,0,362,0,343,19
22053,LA,Jefferson Davis Parish,32250,734,25051,5202,148,113,5,997,24039,489,19135,3776,107,85,3,444,8211,245,5916,1426,41,28,2,553,13936,12197,1739,678,667,244,0,423,0,11,0,0,11
22101,LA,St. Mary Parish,49406,4524,26630,15037,920,666,14,1615,37521,2954,21422,11107,660,524,12,842,11885,1570,5208,3930,260,142,2,773,22407,19321,3086,690,615,282,16,317,0,75,0,0,75
22107,LA,Tensas Parish,4147,67,1747,2240,0,11,1,81,3235,46,1445,1697,0,10,0,37,912,21,302,543,0,1,1,44,2779,1766,1013,0,0,0,0,0,0,0,0,0,0
22111,LA,Union Parish,21107,1135,14407,4987,59,41,6,472,16632,709,11792,3747,48,33,3,300,4475,426,2615,1240,11,8,3,172,10334,8759,1575,413,413,150,0,262,1,0,0,0,0
22117,LA,Washington Parish,45463,1410,29874,12799,135,172,0,1073,34951,901,23726,9453,113,128,0,630,10512,509,6148,3346,22,44,0,443,21341,17944,3397,1756,1710,1454,0,256,0,46,0,0,46
22123,LA,West Carroll Parish,9751,325,7837,1339,37,13,0,200,7532,192,6194,986,31,11,0,118,2219,133,1643,353,6,2,0,82,4656,4084,572,49,39,0,0,39,0,10,0,0,10
36003,NY,Allegany County,46456,965,42942,878,94,398,9,1170,36863,725,34150,804,79,350,7,748,9593,240,8792,74,15,48,2,422,23454,17668,5786,4502,544,78,0,466,0,3958,3808,0,150
36009,NY,Cattaraugus County,77042,1615,68551,1066,2665,583,13,2549,60217,984,54701,824,1898,442,13,1355,16825,631,13850,242,767,141,0,1194,40152,31863,8289,2746,671,113,78,480,0,2075,1338,0,737
36015,NY,Chemung County,84148,2938,70772,5115,203,1451,18,3651,66485,1930,57264,4023,185,1109,18,1956,17663,1008,13508,1092,18,342,0,1695,38985,35242,3743,3865,2819,1964,35,749,71,1046,588,0,458
36021,NY,Columbia County,61570,3542,51816,2584,75,1464,20,2069,50848,2378,43979,1994,58,1119,17,1303,10722,1164,7837,590,17,345,3,766,33226,26590,6636,1770,823,101,150,515,57,947,124,0,823
36027,NY,Dutchess County,295911,42224,202319,30918,422,10911,95,9022,239623,29630,170609,24424,338,9011,76,5535,56288,12594,31710,6494,84,1900,19,3487,122009,111927,10082,17346,7442,4370,162,2399,511,9904,6777,0,3127
36031,NY,Essex County,37381,978,34248,647,76,247,8,1177,30642,757,28239,586,67,201,8,784,6739,221,6009,61,9,46,0,393,25123,16088,9035,1791,1372,830,158,384,0,419,80,0,339
36037,NY,Genesee County,58388,2752,51648,1411,366,431,17,1763,46834,1931,42082,1131,310,375,14,991,11554,821,9566,280,56,56,3,772,26013,24213,1800,2063,1073,406,0,623,44,990,326,0,664
36043,NY,Herkimer County,60139,1530,55724,743,86,380,33,1643,47722,946,44860,554,70,299,23,970,12417,584,10864,189,16,81,10,673,32335,25318,7017,1315,578,40,0,538,0,737,392,0,345
36049,NY,Lewis County,26582,460,25352,121,41,72,13,523,20422,287,19607,77,32,63,10,346,6160,173,5745,44,9,9,3,177,15464,10754,4710,271,166,25,0,141,0,105,0,0,105
36055,NY,Monroe County,759443,72745,514180,114113,1367,32705,215,24118,605130,48481,431349,83822,1160,26423,176,13719,154313,24264,82831,30291,207,6282,39,10399,336262,316961,19301,27647,6760,1108,279,5116,257,20887,15686,0,5201
36061,NY,New York County,1694251,402640,813366,205882,2096,221736,990,47541,1461740,329236,726778,172373,1816,197751,852,32934,232511,73404,86588,33509,280,23985,138,14607,913926,817782,96144,77535,7442,2273,119,4698,352,70093,36507,0,33586
36067,NY,Onondaga County,476516,26572,352730,55277,2992,20410,129,18406,377786,17540,292674,39124,2366,15652,110,10320,98730,9032,60056,16153,626,4758,19,8086,211343,195566,15777,19871,5138,576,95,4438,29,14733,12011,0,2722
36073,NY,Orleans County,40343,2087,34619,1875,180,170,13,1399,32190,1431,28128,1605,159,130,6,731,8153,656,6491,270,21,40,7,668,18209,15969,2240,2134,1685,1493,0,176,16,449,0,0,449
36079,NY,Putnam County,97668,17760,73104,2608,92,2208,15,1881,78270,12357,60858,2106,75,1775,14,1085,19398,5403,12246,502,17,433,1,796,38308,35329,2979,2329,545,56,38,308,143,1784,606,0,1178
36085,NY,Richmond County,495747,96960,281595,48407,671,59241,164,8709,389393,68231,232026,36404,512,46584,136,5500,106354,28729,49569,12003,159,12657,28,3209,183692,173202,10490,7335,2816,0,63,2458,295,4519,1071,62,3386
37007,NC,Anson County,22055,665,10653,9871,89,228,4,545,17845,454,8944,7864,77,173,4,329,4210,211,1709,2007,12,55,0,216,9834,8554,1280,1641,1612,1394,0,218,0,29,0,0,29
37013,NC,Beaufort County,44652,3433,29671,10242,91,184,19,1012,36005,2110,25099,7985,73,151,10,577,8647,1323,4572,2257,18,33,9,435,24090,19430,4660,429,261,0,0,261,0,168,0,0,168
37019,NC,Brunswick County,136693,7420,112000,11539,749,930,77,3978,116606,4812,98643,9229,615,783,50,2474,20087,2608,13357,2310,134,147,27,1504,88330,61496,26834,964,851,241,0,610,0,113,0,0,113
37025,NC,Cabarrus County,225804,27263,135541,42220,616,12097,131,7936,167539,16899,107162,30509,477,8013,92,4387,58265,10364,28379,11711,139,4084,39,3549,87410,82596,4814,1806,1413,555,137,713,8,393,178,0,215
37031,NC,Carteret County,67686,3119,58078,3299,264,616,64,2246,56213,2033,49256,2714,235,489,62,1424,11473,1086,8822,585,29,127,2,822,50846,30112,20734,864,702,424,0,278,0,162,33,32,97
37037,NC,Chatham County,76285,10372,53824,7871,177,1650,26,2365,60788,6491,45054,6404,144,1354,20,1321,15497,3881,8770,1467,33,296,6,1044,33947,31288,2659,807,711,66,28,617,0,96,0,0,96
37045,NC,Cleveland County,99519,4039,70737,20161,227,889,25,3441,78032,2595,57306,15271,188,752,19,1901,21487,1444,13431,4890,39,137,6,1540,43630,39887,3743,2100,676,255,25,396,0,1424,1155,0,269
37051,NC,Cumberland County,334728,39498,136199,125587,4695,9254,1378,18117,254481,26741,110508,94774,3690,7613,963,10192,80247,12757,25691,30813,1005,1641,415,7925,142175,128978,13197,14474,1884,535,116,1233,0,12590,1365,10800,425
37057,NC,Davidson County,168930,13902,130546,16042,677,2514,46,5203,132179,8599,105797,12167,573,1920,35,3088,36751,5303,24749,3875,104,594,11,2115,74536,68126,6410,1863,1652,647,104,901,0,211,0,0,211
06053,CA,Monterey County,439035,265321,123305,9674,1373,25441,1941,11980,327777,179854,107022,8431,1154,21434,1607,8275,111258,85467,16283,1243,219,4007,334,3705,143631,131789,11842,17822,8240,6645,159,1310,126,9582,2620,3611,3351
06055,CA,Napa County,138019,48829,70519,2552,521,10655,331,4612,110473,34398,61488,2119,477,8652,282,3057,27546,14431,9031,433,44,2003,49,1555,55448,49738,5710,5172,2221,196,39,1809,177,2951,620,0,2331
06057,CA,Nevada County,102241,10416,84651,573,703,1448,125,4325,84331,7181,71839,459,576,1243,96,2937,17910,3235,12812,114,127,205,29,1388,53627,42774,10853,1954,1162,268,70,777,47,792,36,0,756
06059,CA,Orange County,3186989,1086834,1225562,53783,5548,701798,7858,105606,2519658,784070,1042242,44169,4659,571590,6287,66641,667331,302764,183320,9614,889,130208,1571,38965,1129785,1074105,55680,53431,13831,5766,593,6892,580,39600,22919,83,16598
06061,CA,Placer County,404739,60628,278338,7073,2047,35149,1031,20473,313117,40506,225722,5555,1623,26859,826,12026,91622,20122,52616,1518,424,8290,205,8447,172356,152101,20255,4461,2243,613,70,1490,70,2218,579,0,1639
06063,CA,Plumas County,19790,1897,16270,132,388,159,47,897,16340,1244,13874,104,294,149,35,640,3450,653,2396,28,94,10,12,257,15396,9216,6180,125,81,26,0,21,34,44,21,0,23
06065,CA,Riverside County,2418185,1202295,806593,151769,12209,166703,6950,71666,1823505,830669,680402,116975,9290,135381,5300,45488,594680,371626,126191,34794,2919,31322,1650,26178,848549,763283,85266,35692,19305,12250,379,6207,469,16387,7968,0,8419
06067,CA,Sacramento County,1585055,374434,667421,149481,7626,278156,19183,88754,1217309,257434,557441,114010,6113,212827,14691,54793,367746,117000,109980,35471,1513,65329,4492,33961,587551,564445,23106,34174,14910,9670,326,4531,383,19264,3759,0,15505
06069,CA,San Benito County,64209,39241,20307,566,228,2235,132,1500,47915,27227,17066,459,184,1848,99,1032,16294,12014,3241,107,44,387,33,468,20365,19484,881,458,160,0,28,80,52,298,0,0,298
06071,CA,San Bernardino County,2181654,1170913,581664,178414,8711,177965,6301,57686,1629042,814248,486722,134767,7003,144562,4671,37069,552612,356665,94942,43647,1708,33403,1630,20617,731899,667836,64063,42195,23679,16264,373,5261,1781,18516,2963,8291,7262
06073,CA,San Diego County,3298634,1119629,1456516,151030,13152,403590,13178,141539,2608768,807212,1236498,120973,10492,333567,10842,89184,689866,312417,220018,30057,2660,70023,2336,52355,1228505,1158764,69741,115098,25725,12449,664,11800,812,89373,27705,39597,22071
06075,CA,San Francisco County,873965,136761,351169,47161,1689,295449,3309,38427,760738,111051,316840,40866,1486,261962,2732,25801,113227,25710,34329,6295,203,33487,577,12626,406628,371851,34777,27892,4014,1165,127,2648,74,23878,6486,68,17324
06077,CA,San Joaquin County,779233,325725,221570,58341,3245,135563,5179,29610,573400,217560,184972,43999,2590,102027,3949,18303,205833,108165,36598,14342,655,33536,1230,11307,251453,241119,10334,18076,9924,6148,596,3130,50,8152,2000,0,6152
06079,CA,San Luis Obispo County,282424,67921,187348,4826,1164,10222,350,10593,231744,47998,161625,4324,985,9060,290,7462,50680,19923,25723,502,179,1162,60,3131,123715,107797,15918,16292,5227,4272,45,910,0,11065,9228,0,1837
06081,CA,San Mateo County,764442,191386,285516,16433,1106,228810,9190,32001,610236,141245,240087,14141,905,188936,7259,17663,154206,50141,45429,2292,201,39874,1931,14338,283693,269417,14276,9352,3380,1416,83,1839,42,5972,900,0,5072
06085,CA,Santa Clara County,1936259,487357,571494,45208,3431,755506,6107,67156,1529717,353056,487493,37119,2722,605252,4958,39117,406542,134301,84001,8089,709,150254,1149,28039,688035,656063,31972,39607,8476,2205,163,5767,341,31131,19440,0,11691
06087,CA,Santa Cruz County,270861,94299,149424,3318,897,12329,296,10298,219764,67832,129539,2939,791,11173,249,7241,51097,26467,19885,379,106,1156,47,3057,106345,96261,10084,14526,1070,395,80,588,7,13456,7754,0,5702
06091,CA,Sierra County,3236,377,2688,13,18,10,1,129,2698,254,2313,9,13,9,1,99,538,123,375,4,5,1,0,30,2127,1456,671,32,32,0,0,32,0,0,0,0,0
06095,CA,Solano County,453491,128155,159590,61268,1683,71487,3920,27388,354770,88585,136014,49197,1406,59455,3134,16979,98721,39570,23576,12071,277,12032,786,10409,162237,155924,6313,11137,7834,6899,47,888,0,3303,823,917,1563
06097,CA,Sonoma County,488863,141438,292707,7957,3109,22606,1748,19298,393152,98139,252514,6479,2522,19275,1438,12785,95711,43299,40193,1478,587,3331,310,6513,204742,187701,17041,8866,2359,818,201,1234,106,6507,2873,278,3356
06101,CA,Sutter County,99633,31568,42373,1938,873,18154,288,4439,74581,20687,34569,1540,660,14024,235,2866,25052,10881,7804,398,213,4130,53,1573,34499,33062,1437,993,570,161,0,402,7,423,0,0,423
06103,CA,Tehama County,65829,17938,42379,474,1179,1024,102,2733,49851,11392,34438,373,879,840,80,1849,15978,6546,7941,101,300,184,22,884,27341,24910,2431,800,399,287,9,84,19,401,0,0,401
06107,CA,Tulare County,473117,309895,128199,5928,3498,16290,528,8779,331093,201152,104011,4494,2551,12612,371,5902,142024,108743,24188,1434,947,3678,157,2877,150652,141987,8665,5252,2775,1215,150,1341,69,2477,40,0,2437
06109,CA,Tuolumne County,55620,7124,43249,1074,788,808,117,2460,46268,5284,36767,1045,663,681,94,1734,9352,1840,6482,29,125,127,23,726,31415,22711,8704,3757,3083,2841,23,219,0,674,91,0,583
06113,CA,Yolo County,216403,71700,96370,6133,965,30099,1143,9993,171256,51177,81802,4883,787,25159,952,6496,45147,20523,14568,1250,178,4940,191,3497,80188,76594,3594,8630,1023,213,20,790,0,7607,6676,0,931
06115,CA,Yuba County,81575,23520,42965,2985,1048,5654,376,5027,59545,15011,34048,2274,796,4077,291,3048,22030,8509,8917,711,252,1577,85,1979,29458,27008,2450,2403,586,368,42,112,64,1817,0,705,1112
05003,AR,Ashley County,19062,1114,12779,4657,25,44,8,435,14736,696,10196,3529,25,39,6,245,4326,418,2583,1128,0,5,2,190,9371,8019,1352,153,125,0,16,109,0,28,0,0,28
05005,AR,Baxter County,41627,1058,38477,122,219,249,10,1492,34358,694,32097,85,186,205,9,1082,7269,364,6380,37,33,44,1,410,22699,18936,3763,522,484,83,0,401,0,38,0,0,38
05009,AR,Boone County,37373,973,34137,116,266,242,27,1612,29083,598,26840,83,214,198,17,1133,8290,375,7297,33,52,44,10,479,17368,15455,1913,444,324,93,35,196,0,120,0,0,120
05013,AR,Calhoun County,4739,127,3533,917,3,6,9,144,3781,72,2847,757,3,2,9,91,958,55,686,160,0,4,0,53,2444,2019,425,163,19,19,0,0,0,144,144,0,0
05015,AR,Carroll County,28260,4306,21498,114,254,576,433,1079,22082,2711,17655,87,197,387,246,799,6178,1595,3843,27,57,189,187,280,13853,11727,2126,238,188,48,0,140,0,50,33,0,17
05019,AR,Clark County,21446,1092,14256,5098,83,164,18,735,17401,701,11944,4059,74,141,14,468,4045,391,2312,1039,9,23,4,267,9977,8170,1807,2857,192,28,0,164,0,2665,2554,0,111
05021,AR,Clay County,14552,327,13714,50,44,16,5,396,11384,190,10828,41,44,14,4,263,3168,137,2886,9,0,2,1,133,7470,6176,1294,163,163,25,0,138,0,0,0,0,0
05025,AR,Cleveland County,7550,182,6482,681,21,8,1,175,5942,115,5169,511,21,8,0,118,1608,67,1313,170,0,0,1,57,3570,3101,469,69,69,0,0,69,0,0,0,0,0
05027,AR,Columbia County,22801,773,13347,7870,73,171,0,567,17954,533,10894,6015,54,125,0,333,4847,240,2453,1855,19,46,0,234,10999,9082,1917,2033,301,81,9,211,0,1732,1701,0,31
05031,AR,Craighead County,111231,6727,79902,18456,289,1715,57,4085,83620,4213,63429,11978,242,1408,38,2312,27611,2514,16473,6478,47,307,19,1773,46739,43221,3518,3920,1126,209,47,835,35,2794,2539,0,255
05035,AR,Crittenden County,48163,1428,19181,25876,119,334,19,1206,35537,876,15467,18090,89,276,14,725,12626,552,3714,7786,30,58,5,481,21291,18885,2406,508,429,105,5,319,0,79,0,0,79
05037,AR,Cross County,16833,352,12176,3665,38,108,5,489,12687,189,9454,2628,32,73,0,311,4146,163,2722,1037,6,35,5,178,7585,6711,874,137,130,27,0,103,0,7,0,0,7
05041,AR,Desha County,11395,773,4785,5403,36,63,0,335,8605,508,3914,3912,35,45,0,191,2790,265,871,1491,1,18,0,144,5795,4891,904,41,41,0,0,41,0,0,0,0,0
05043,AR,Drew County,17350,656,11230,4833,69,106,16,440,13382,421,8887,3645,57,82,14,276,3968,235,2343,1188,12,24,2,164,8259,7133,1126,617,258,26,62,170,0,359,347,0,12
05047,AR,Franklin County,17097,491,15387,92,199,165,10,753,12986,302,11818,61,137,124,10,534,4111,189,3569,31,62,41,0,219,7716,6706,1010,280,231,16,24,191,0,49,0,0,49
05049,AR,Fulton County,12075,154,11303,31,68,40,0,479,9409,86,8860,16,53,35,0,359,2666,68,2443,15,15,5,0,120,6185,4991,1194,163,154,3,0,151,0,9,0,0,9
05053,AR,Grant County,17958,440,16345,451,70,78,1,573,13816,256,12694,361,54,61,1,389,4142,184,3651,90,16,17,0,184,7839,7091,748,152,147,76,0,71,0,5,0,0,5
05057,AR,Hempstead County,20065,2953,10659,5659,82,98,5,609,15024,1778,8614,4137,49,68,5,373,5041,1175,2045,1522,33,30,0,236,9601,7992,1609,294,160,47,0,113,0,134,0,0,134
05059,AR,Hot Spring County,33040,1265,26482,3495,170,126,11,1491,26041,768,21319,2805,133,97,11,908,6999,497,5163,690,37,29,0,583,14179,12473,1706,2347,2347,2168,0,179,0,0,0,0,0
05063,AR,Independence County,37938,3258,31872,859,134,353,31,1431,28767,1880,24949,625,109,293,18,893,9171,1378,6923,234,25,60,13,538,16667,14934,1733,857,410,69,60,281,0,447,414,0,33
05065,AR,Izard County,13577,326,12310,270,73,31,9,558,11172,222,10170,256,66,22,9,427,2405,104,2140,14,7,9,0,131,6721,5494,1227,1125,1068,827,0,241,0,57,0,0,57
06051,CA,Mono County,13195,3507,8845,88,178,169,26,382,10555,2383,7520,73,143,151,26,259,2640,1124,1325,15,35,18,0,123,13589,5474,8115,305,19,19,0,0,0,286,0,96,190
05069,AR,Jefferson County,67260,1488,25496,37812,217,686,94,1467,53273,1036,21652,28875,190,523,54,943,13987,452,3844,8937,27,163,40,524,30573,26264,4309,5601,4367,4001,24,342,0,1234,1209,0,25
05071,AR,Johnson County,25749,3439,19613,474,203,924,30,1066,19377,2131,15390,386,160,561,20,729,6372,1308,4223,88,43,363,10,337,11475,9902,1573,449,129,41,0,88,0,320,250,0,70
05075,AR,Lawrence County,16216,357,15083,148,41,43,10,534,12597,212,11830,124,27,24,8,372,3619,145,3253,24,14,19,2,162,7489,6514,975,601,196,0,7,189,0,405,342,0,63
05079,AR,Lincoln County,12941,619,8245,3663,27,25,9,353,10858,420,6864,3295,23,18,2,236,2083,199,1381,368,4,7,7,117,4366,3807,559,3699,3699,3600,0,99,0,0,0,0,0
05081,AR,Little River County,12026,409,8677,2173,161,22,9,575,9354,237,6943,1681,122,19,5,347,2672,172,1734,492,39,3,4,228,6043,5098,945,191,173,20,0,153,0,18,0,0,18
05085,AR,Lonoke County,74015,3610,61378,4407,319,737,50,3514,54933,2151,46634,3186,258,589,34,2081,19082,1459,14744,1221,61,148,16,1433,30112,27841,2271,748,677,203,0,474,0,71,0,0,71
05087,AR,Madison County,16521,890,14322,52,206,108,238,705,12750,591,11254,36,152,81,141,495,3771,299,3068,16,54,27,97,210,7611,6437,1174,159,146,0,0,146,0,13,13,0,0
05091,AR,Miller County,42600,1583,27945,10981,248,220,5,1618,32724,1001,22404,7966,200,189,5,959,9876,582,5541,3015,48,31,0,659,19779,17068,2711,1380,1248,888,115,224,21,132,0,0,132
05095,AR,Monroe County,6799,186,3580,2764,30,32,7,200,5364,126,2995,2062,19,32,7,123,1435,60,585,702,11,0,0,77,3828,3040,788,71,71,14,0,57,0,0,0,0,0
05097,AR,Montgomery County,8484,415,7578,16,92,49,5,329,6803,249,6171,16,78,31,5,253,1681,166,1407,0,14,18,0,76,5435,3651,1784,119,95,10,0,85,0,24,0,0,24
29013,MO,Bates County,16042,335,14941,162,92,52,9,451,12376,191,11645,133,78,28,9,292,3666,144,3296,29,14,24,0,159,7189,6391,798,338,320,159,11,150,0,18,0,0,18
29015,MO,Benton County,19394,310,18170,86,101,56,0,671,15916,216,15032,51,76,52,0,489,3478,94,3138,35,25,4,0,182,13551,8525,5026,276,189,16,0,173,0,87,0,0,87
29017,MO,Bollinger County,10567,153,9960,40,30,22,3,359,8246,83,7808,32,20,21,3,279,2321,70,2152,8,10,1,0,80,5037,4177,860,233,108,24,0,84,0,125,0,0,125
29019,MO,Boone County,183610,8052,139772,18260,468,7907,128,9023,145252,5616,114305,13182,397,6232,88,5432,38358,2436,25467,5078,71,1675,40,3591,79836,73470,6366,10720,1244,223,53,924,44,9476,9089,0,387
29021,MO,Buchanan County,84793,5600,69217,4412,330,1074,429,3731,66126,3704,55590,3350,261,786,269,2166,18667,1896,13627,1062,69,288,160,1565,38258,33882,4376,3948,2474,1782,63,536,93,1474,1049,0,425
29023,MO,Butler County,42130,901,36156,2507,199,315,15,2037,32298,532,28402,1792,155,243,12,1162,9832,369,7754,715,44,72,3,875,19287,17116,2171,933,345,30,48,228,39,588,298,0,290
29025,MO,Caldwell County,8815,151,8259,71,34,29,7,264,6773,110,6382,63,25,23,7,163,2042,41,1877,8,9,6,0,101,4218,3522,696,209,209,111,0,98,0,0,0,0,0
29027,MO,Callaway County,44283,965,38938,1996,143,240,31,1970,34738,627,31064,1566,118,193,25,1145,9545,338,7874,430,25,47,6,825,18538,16596,1942,3362,2271,1472,25,340,434,1091,1038,0,53
29029,MO,Camden County,42745,1355,39236,283,178,236,29,1428,34946,877,32574,193,150,182,29,941,7799,478,6662,90,28,54,0,487,39473,18617,20856,601,312,6,135,171,0,289,0,0,289
29031,MO,Cape Girardeau County,81710,2234,68125,6541,174,1322,15,3299,64296,1456,55203,4486,137,1069,11,1934,17414,778,12922,2055,37,253,4,1365,35696,32544,3152,4312,1412,290,25,1097,0,2900,2511,0,389
29033,MO,Carroll County,8495,132,7983,104,15,16,0,245,6659,76,6298,86,11,15,0,173,1836,56,1685,18,4,1,0,72,4364,3569,795,115,100,0,0,93,7,15,0,0,15
29035,MO,Carter County,5202,97,4866,12,17,18,1,191,4071,67,3824,8,13,15,1,143,1131,30,1042,4,4,3,0,48,2675,2208,467,34,30,0,0,30,0,4,0,0,4
29039,MO,Cedar County,14188,261,13133,65,100,47,7,575,10641,153,9972,31,55,38,7,385,3547,108,3161,34,45,9,0,190,6930,5609,1321,367,200,0,0,179,21,167,0,0,167
29041,MO,Chariton County,7408,101,6993,150,15,3,3,143,5750,50,5474,123,15,3,3,82,1658,51,1519,27,0,0,0,61,3792,3067,725,225,225,22,0,203,0,0,0,0,0
29045,MO,Clark County,6634,50,6361,23,14,13,0,173,5065,41,4869,5,11,13,0,126,1569,9,1492,18,3,0,0,47,3216,2752,464,72,72,16,0,56,0,0,0,0,0
29047,MO,Clay County,253335,18850,196154,18248,1023,6190,1010,11860,191373,12055,153666,12701,841,4624,641,6845,61962,6795,42488,5547,182,1566,369,5015,105619,100254,5365,2261,1272,229,85,944,14,989,593,0,396
29051,MO,Cole County,77279,2661,62155,8168,183,1004,58,3050,60163,1686,49995,5902,144,773,49,1614,17116,975,12160,2266,39,231,9,1436,33211,30478,2733,4764,3939,3410,16,492,21,825,713,0,112
29053,MO,Cooper County,17103,322,14900,943,54,75,10,799,13296,183,11760,789,44,54,9,457,3807,139,3140,154,10,21,1,342,7281,6584,697,1121,1094,864,0,230,0,27,0,0,27
29057,MO,Dade County,7569,135,7082,34,50,24,0,244,5956,96,5599,19,50,19,0,173,1613,39,1483,15,0,5,0,71,3775,3105,670,178,160,5,8,147,0,18,0,0,18
29059,MO,Dallas County,17071,320,15900,67,92,34,22,636,12997,207,12211,27,83,31,16,422,4074,113,3689,40,9,3,6,214,7588,6625,963,202,202,34,0,154,14,0,0,0,0
29063,MO,DeKalb County,11029,227,9734,680,32,47,2,307,8927,166,7821,670,30,39,0,201,2102,61,1913,10,2,8,2,106,4264,3814,450,1919,1893,1723,0,170,0,26,0,0,26
29065,MO,Dent County,14421,271,13366,64,62,59,7,592,11245,151,10523,44,52,52,4,419,3176,120,2843,20,10,7,3,173,6819,5946,873,190,132,12,0,120,0,58,0,0,58
29069,MO,Dunklin County,28283,2042,21854,3197,74,85,4,1027,21317,1211,17257,2154,66,70,4,555,6966,831,4597,1043,8,15,0,472,13409,11573,1836,685,605,94,19,492,0,80,0,0,80
29071,MO,Franklin County,104682,2205,97021,954,298,565,34,3605,81077,1306,76025,721,236,453,22,2314,23605,899,20996,233,62,112,12,1291,45275,41476,3799,1028,911,102,0,809,0,117,0,0,117
29075,MO,Gentry County,6162,90,5895,19,6,10,1,141,4595,48,4436,9,6,10,1,85,1567,42,1459,10,0,0,0,56,2921,2473,448,146,76,1,0,64,11,70,0,0,70
29077,MO,Greene County,298915,14392,249913,10387,1750,6309,383,15781,237444,9675,203408,7801,1410,4940,278,9932,61471,4717,46505,2586,340,1369,105,5849,136450,126028,10422,9653,3535,1477,232,1815,11,6118,5344,0,774
29081,MO,Harrison County,8157,168,7668,34,30,25,3,229,6239,87,5933,27,30,22,0,140,1918,81,1735,7,0,3,3,89,4019,3403,616,148,103,26,0,76,1,45,0,0,45
29083,MO,Henry County,21946,573,20086,200,90,100,6,891,17087,323,15879,160,83,83,6,553,4859,250,4207,40,7,17,0,338,10693,9253,1440,314,194,0,1,193,0,120,0,0,120
29087,MO,Holt County,4223,67,4021,9,30,4,0,92,3312,41,3196,7,13,3,0,52,911,26,825,2,17,1,0,40,2418,1795,623,93,93,6,0,87,0,0,0,0,0
29089,MO,Howard County,10151,208,8926,553,35,32,3,394,7903,155,6994,462,33,28,3,228,2248,53,1932,91,2,4,0,166,4368,3873,495,841,84,15,26,39,4,757,695,0,62
29093,MO,Iron County,9537,177,8726,137,61,34,2,400,7533,126,6949,100,40,30,0,288,2004,51,1777,37,21,4,2,112,4688,3892,796,278,270,18,0,252,0,8,0,0,8
29095,MO,Jackson County,717204,77785,427028,158062,2777,15398,1756,34398,554167,50822,350427,116244,2261,12275,1287,20851,163037,26963,76601,41818,516,3123,469,13547,329579,297580,31999,11204,6421,1496,381,4200,344,4783,2191,0,2592
29099,MO,Jefferson County,226739,5552,206804,2500,624,1906,75,9278,174350,3507,161123,1755,516,1444,60,5945,52389,2045,45681,745,108,462,15,3333,92385,86959,5426,1790,1261,150,16,1055,40,529,196,0,333
29103,MO,Knox County,3744,23,3585,21,5,22,0,88,2838,11,2737,14,4,19,0,53,906,12,848,7,1,3,0,35,1934,1500,434,117,38,0,0,38,0,79,28,0,51
29105,MO,Laclede County,36039,955,32887,286,198,203,17,1493,27397,561,25352,199,156,158,13,958,8642,394,7535,87,42,45,4,535,15908,14325,1583,385,321,76,0,245,0,64,0,0,64
29109,MO,Lawrence County,38001,2987,32768,157,334,181,41,1533,28412,1719,25175,108,249,137,22,1002,9589,1268,7593,49,85,44,19,531,16219,14599,1620,594,519,73,33,413,0,75,0,0,75
29111,MO,Lewis County,10032,165,9352,190,30,23,0,272,7901,122,7422,152,25,20,0,160,2131,43,1930,38,5,3,0,112,4312,3789,523,974,150,1,0,149,0,824,809,0,15
29115,MO,Linn County,11874,289,11126,73,31,25,6,324,9110,164,8633,51,25,25,6,206,2764,125,2493,22,6,0,0,118,5999,5065,934,162,146,0,0,146,0,16,0,0,16
29117,MO,Livingston County,14557,239,13449,322,48,89,5,405,11473,130,10686,285,38,65,5,264,3084,109,2763,37,10,24,0,141,6350,5562,788,1470,1418,1137,0,281,0,52,0,0,52
29121,MO,Macon County,15209,276,13931,308,25,92,4,573,11666,192,10854,236,18,60,4,302,3543,84,3077,72,7,32,0,271,7398,6309,1089,218,200,0,0,185,15,18,0,0,18
29123,MO,Madison County,12626,342,11701,65,49,43,0,426,9748,220,9099,53,42,34,0,300,2878,122,2602,12,7,9,0,126,5832,5024,808,413,360,153,64,143,0,53,0,0,53
29127,MO,Marion County,28525,516,25178,1399,70,177,17,1168,21924,331,19736,1016,59,135,16,631,6601,185,5442,383,11,42,1,537,12847,11491,1356,1129,588,121,0,454,13,541,383,0,158
29129,MO,Mercer County,3538,155,3309,3,8,1,0,62,2727,130,2545,1,8,1,0,42,811,25,764,2,0,0,0,20,1911,1454,457,65,53,0,0,53,0,12,0,0,12
29133,MO,Mississippi County,12577,223,8894,3079,37,27,0,317,9942,149,7182,2375,33,24,0,179,2635,74,1712,704,4,3,0,138,5283,4740,543,1402,1397,1280,0,117,0,5,0,0,5
29135,MO,Moniteau County,15473,864,13816,293,40,45,16,399,11527,531,10377,272,36,37,12,262,3946,333,3439,21,4,8,4,137,6180,5590,590,903,902,748,0,142,12,1,0,0,1
29139,MO,Montgomery County,11322,229,10540,108,26,52,5,362,8848,128,8312,102,24,38,0,244,2474,101,2228,6,2,14,5,118,5758,4640,1118,236,213,29,8,176,0,23,0,0,23
29141,MO,Morgan County,21006,446,19553,144,106,71,12,674,16220,303,15161,117,82,52,2,503,4786,143,4392,27,24,19,10,171,15110,8548,6562,332,329,96,26,207,0,3,0,0,3
29145,MO,Newton County,58648,3607,48232,562,1355,813,791,3288,44742,2200,38009,413,943,593,467,2117,13906,1407,10223,149,412,220,324,1171,24570,22399,2171,1026,633,98,7,518,10,393,293,0,100
29147,MO,Nodaway County,21241,427,19456,374,32,397,4,551,17004,304,15621,342,19,352,0,366,4237,123,3835,32,13,45,4,185,9449,8376,1073,1930,695,470,1,222,2,1235,1062,0,173
29151,MO,Osage County,13274,125,12795,26,32,4,10,282,10254,98,9915,20,20,4,10,187,3020,27,2880,6,12,0,0,95,6492,5349,1143,219,71,0,0,71,0,148,138,0,10
29153,MO,Ozark County,8553,109,8086,31,38,18,5,266,6947,72,6584,28,37,17,5,204,1606,37,1502,3,1,1,0,62,5025,3759,1266,60,60,0,0,60,0,0,0,0,0
29157,MO,Perry County,18956,383,17856,108,29,131,0,449,14576,219,13858,79,22,103,0,295,4380,164,3998,29,7,28,0,154,8464,7560,904,335,256,28,0,228,0,79,0,0,79
29159,MO,Pettis County,42980,4016,35244,1396,160,307,121,1736,32204,2405,27313,1009,129,251,78,1019,10776,1611,7931,387,31,56,43,717,18563,16588,1975,1018,802,156,44,586,16,216,29,0,187
29161,MO,Phelps County,44638,1259,38456,1094,237,1532,21,2039,35493,828,30933,845,195,1294,21,1377,9145,431,7523,249,42,238,0,662,20174,17815,2359,2853,1033,411,65,522,35,1820,1735,0,85
29163,MO,Pike County,17587,434,15563,951,41,33,7,558,13512,253,12041,843,35,21,5,314,4075,181,3522,108,6,12,2,244,7603,6486,1117,1522,1486,1352,0,128,6,36,0,0,36
29165,MO,Platte County,106718,7161,82762,8312,396,2783,698,4606,81192,4630,65058,5882,317,2191,430,2684,25526,2531,17704,2430,79,592,268,1922,45307,42452,2855,1237,648,58,5,585,0,589,407,0,182
29167,MO,Polk County,31519,791,28972,257,191,138,4,1166,23908,490,22192,208,145,114,4,755,7611,301,6780,49,46,24,0,411,13387,11992,1395,1154,481,37,64,380,0,673,480,0,193
29169,MO,Pulaski County,53955,6079,36353,6127,344,1808,405,2839,41753,4448,28611,4967,274,1570,270,1613,12202,1631,7742,1160,70,238,135,1226,19315,16902,2413,10394,263,63,35,165,0,10131,0,10097,34
29171,MO,Putnam County,4681,112,4488,11,5,0,0,65,3656,78,3517,11,5,0,0,45,1025,34,971,0,0,0,0,20,2835,2034,801,60,58,0,0,58,0,2,0,0,2
51163,VA,Rockbridge County,22650,513,20515,586,87,192,6,751,18521,316,17042,453,68,156,6,480,4129,197,3473,133,19,36,0,271,11261,9602,1659,490,178,98,0,80,0,312,297,0,15
51167,VA,Russell County,25781,168,24855,230,17,45,1,465,20830,112,20160,190,17,35,1,315,4951,56,4695,40,0,10,0,150,12754,11063,1691,318,111,62,0,49,0,207,0,0,207
51169,VA,Scott County,21576,255,20678,143,26,23,2,449,17656,155,17033,116,26,23,2,301,3920,100,3645,27,0,0,0,148,11765,9254,2511,782,758,579,0,179,0,24,0,0,24
51173,VA,Smyth County,29800,558,27930,421,37,119,1,734,23953,353,22641,347,36,89,1,486,5847,205,5289,74,1,30,0,248,15097,12819,2278,539,518,253,0,265,0,21,0,0,21
51175,VA,Southampton County,17996,332,11067,5920,57,72,21,527,14513,201,9007,4879,50,49,15,312,3483,131,2060,1041,7,23,6,215,7724,6801,923,1427,1427,1358,0,69,0,0,0,0,0
51179,VA,Stafford County,156927,23646,87229,29973,620,6274,250,8935,115060,14941,68031,21946,484,4714,184,4760,41867,8705,19198,8027,136,1560,66,4175,52793,50869,1924,3224,1611,1287,53,271,0,1613,310,1240,63
51181,VA,Surry County,6561,149,3489,2697,17,16,10,183,5429,76,2948,2262,11,12,6,114,1132,73,541,435,6,4,4,69,3402,2787,615,5,5,5,0,0,0,0,0,0,0
51185,VA,Tazewell County,40429,507,37589,986,57,223,16,1051,32852,384,30708,837,45,182,15,681,7577,123,6881,149,12,41,1,370,19814,16966,2848,1719,1407,1170,0,237,0,312,308,0,4
51187,VA,Warren County,40727,2413,34230,1819,134,490,15,1626,31741,1540,27367,1414,97,407,9,907,8986,873,6863,405,37,83,6,719,16739,15322,1417,1124,687,418,0,269,0,437,357,0,80
51193,VA,Westmoreland County,18477,1049,11902,4508,68,153,11,786,15055,680,10122,3601,64,123,4,461,3422,369,1780,907,4,30,7,325,11129,8037,3092,89,59,0,0,59,0,30,0,0,30
51195,VA,Wise County,36130,452,32792,1800,49,159,12,866,29151,334,26366,1675,41,134,11,590,6979,118,6426,125,8,25,1,276,16644,14367,2277,2653,2179,1942,0,237,0,474,357,0,117
51199,VA,York County,70045,5136,47683,8807,173,4302,129,3815,52982,3100,37611,6753,147,3307,92,1972,17063,2036,10072,2054,26,995,37,1843,27827,25873,1954,1015,130,0,0,130,0,885,0,807,78
51510,VA,Alexandria city,159467,29372,80220,31753,230,11352,83,6457,130034,21313,69151,25588,191,9439,64,4288,29433,8059,11069,6165,39,1913,19,2169,80479,75555,4924,1397,737,202,14,521,0,660,218,0,442
51530,VA,Buena Vista city,6641,229,5694,297,39,29,24,329,5354,168,4674,250,25,25,24,188,1287,61,1020,47,14,4,0,141,2948,2599,349,542,89,0,0,89,0,453,446,0,7
51540,VA,Charlottesville city,46553,3207,30065,7125,69,4094,19,1974,38880,2358,26099,5486,53,3540,19,1325,7673,849,3966,1639,16,554,0,649,21413,19769,1644,2399,223,0,9,197,17,2176,2067,0,109
51570,VA,Colonial Heights city,18170,1276,12587,2889,33,578,14,793,14237,784,10420,2025,27,477,13,491,3933,492,2167,864,6,101,1,302,8147,7633,514,196,185,0,6,179,0,11,0,0,11
51580,VA,Covington city,5737,179,4565,725,12,39,5,212,4560,90,3722,586,12,31,5,114,1177,89,843,139,0,8,0,98,3052,2576,476,82,65,65,0,0,0,17,0,0,17
51590,VA,Danville city,42590,2074,17041,21824,90,519,2,1040,33776,1297,14927,16481,79,400,0,592,8814,777,2114,5343,11,119,2,448,22259,19015,3244,1508,945,308,21,616,0,563,440,0,123
51600,VA,Fairfax city,24146,4278,13254,1117,46,4554,13,884,19443,3141,11070,896,33,3805,10,488,4703,1137,2184,221,13,749,3,396,9330,8800,530,315,128,0,0,128,0,187,123,0,64
51610,VA,Falls Church city,14658,1529,10198,588,13,1507,11,812,11049,1035,7938,456,12,1240,6,362,3609,494,2260,132,1,267,5,450,6172,5811,361,179,157,0,9,148,0,22,0,0,22
51630,VA,Fredericksburg city,27982,3472,15481,6076,89,1356,26,1482,22249,2342,13469,4590,71,916,21,840,5733,1130,2012,1486,18,440,5,642,12175,11275,900,2343,7,0,7,0,0,2336,2155,0,181
51640,VA,Galax city,6720,1061,5003,367,13,54,3,219,5318,610,4229,297,10,44,3,125,1402,451,774,70,3,10,0,94,3156,2830,326,272,213,0,0,213,0,59,0,0,59
51660,VA,Harrisonburg city,51814,12045,31772,3978,74,2120,21,1804,42444,8180,28084,3027,64,1826,16,1247,9370,3865,3688,951,10,294,5,557,18626,17413,1213,7301,657,145,0,512,0,6644,6547,0,97
51670,VA,Hopewell city,23033,1889,9978,9756,87,267,16,1040,17545,1217,8457,6993,68,225,14,571,5488,672,1521,2763,19,42,2,469,10409,9393,1016,265,203,0,0,203,0,62,0,0,62
51680,VA,Lynchburg city,79009,3880,48380,21469,208,1837,38,3197,64409,2815,41857,16177,182,1509,35,1834,14600,1065,6523,5292,26,328,3,1363,33832,30269,3563,10638,1034,32,42,936,24,9604,9002,0,602
51683,VA,Manassas city,42772,18345,15192,5040,72,2737,21,1365,31660,12009,12714,3884,50,2182,20,801,11112,6336,2478,1156,22,555,1,564,14365,13983,382,65,0,0,0,0,0,65,0,0,65
51690,VA,Martinsville city,13485,1025,5782,6072,24,126,4,452,10659,628,4971,4689,21,88,4,258,2826,397,811,1383,3,38,0,194,7053,5909,1144,490,382,138,0,244,0,108,0,0,108
51700,VA,Newport News city,186247,19288,72698,77510,591,6382,416,9362,144719,13134,61567,58442,469,5283,300,5524,41528,6154,11131,19068,122,1099,116,3838,81901,75630,6271,8241,1362,460,140,762,0,6879,3368,3294,217
51720,VA,Norton city,3687,81,3253,187,4,32,0,130,2895,46,2615,141,4,24,0,65,792,35,638,46,0,8,0,65,1934,1678,256,32,26,0,0,26,0,6,0,0,6
51730,VA,Petersburg city,33458,1970,5354,24629,110,358,31,1006,27056,1367,4812,19711,94,297,31,744,6402,603,542,4918,16,61,0,262,18013,15382,2631,515,350,0,47,262,41,165,0,0,165
51740,VA,Portsmouth city,97915,4413,35540,51849,361,1299,138,4315,76164,3008,30066,38943,288,1091,95,2673,21751,1405,5474,12906,73,208,43,1642,43164,39547,3617,2757,1652,1119,17,408,108,1105,0,888,217
51750,VA,Radford city,16070,765,12228,2193,33,239,2,610,13832,601,10608,1956,28,225,1,413,2238,164,1620,237,5,14,1,197,6449,5789,660,3432,103,0,0,103,0,3329,3315,0,14
51770,VA,Roanoke city,100011,8484,56749,27349,222,2524,45,4638,78948,5417,48532,20269,184,1929,35,2582,21063,3067,8217,7080,38,595,10,2056,48726,44411,4315,2089,1599,419,19,1161,0,490,44,0,446
51775,VA,Salem city,25346,1088,20846,1942,43,546,8,873,20582,703,17403,1445,37,451,8,535,4764,385,3443,497,6,95,0,338,11125,10242,883,2010,571,132,21,418,0,1439,1416,0,23
51790,VA,Staunton city,25750,1088,20237,2940,68,339,12,1066,21005,763,16943,2409,61,263,4,562,4745,325,3294,531,7,76,8,504,12316,11374,942,1415,574,0,30,334,210,841,683,0,158
51800,VA,Suffolk city,94324,4252,44585,39487,266,1737,75,3922,72009,2673,35821,29709,214,1374,52,2166,22315,1579,8764,9778,52,363,23,1756,38364,35555,2809,1585,1225,900,0,325,0,360,0,0,360
51810,VA,Virginia Beach city,459470,40404,274083,83806,1224,34153,693,25107,358086,27123,223385,64077,1004,27871,545,14081,101384,13281,50698,19729,220,6282,148,11026,190059,178353,11706,7286,2747,1212,71,1464,0,4539,905,2809,825
51820,VA,Waynesboro city,22196,1945,16254,2649,34,271,22,1021,17424,1189,13450,2002,23,225,19,516,4772,756,2804,647,11,46,3,505,10268,9557,711,276,243,0,4,239,0,33,0,0,33
51830,VA,Williamsburg city,15425,1215,7474,5672,22,504,25,513,13910,892,6853,5311,21,468,20,345,1515,323,621,361,1,36,5,168,5753,5143,610,4873,115,0,0,115,0,4758,4755,0,3
51840,VA,Winchester city,28120,5494,17861,2871,68,716,15,1095,22235,3499,15189,2271,59,581,14,622,5885,1995,2672,600,9,135,1,473,12372,11404,968,1102,207,0,8,199,0,895,809,0,86
53001,WA,Adams County,20613,13120,6967,46,64,138,4,274,13630,7875,5386,30,46,114,1,178,6983,5245,1581,16,18,24,3,96,6735,6228,507,342,113,29,0,49,35,229,0,0,229
53003,WA,Asotin County,22285,915,19794,136,263,216,35,926,17729,546,16145,97,197,177,31,536,4556,369,3649,39,66,39,4,390,10034,9349,685,248,208,24,0,184,0,40,0,0,40
53005,WA,Benton County,206873,49339,138350,2920,1215,6395,549,8105,152644,30200,109219,2083,956,4972,351,4863,54229,19139,29131,837,259,1423,198,3242,80076,76369,3707,1242,838,338,19,472,9,404,0,0,404
53007,WA,Chelan County,79074,22104,53083,347,412,841,111,2176,61405,14304,44295,247,340,666,91,1462,17669,7800,8788,100,72,175,20,714,37267,30296,6971,1654,825,247,15,563,0,829,0,0,829
53009,WA,Clallam County,77155,4732,62428,693,3937,1289,117,3959,64588,3159,54104,597,2843,1133,102,2650,12567,1573,8324,96,1094,156,15,1309,37930,34113,3817,1778,1227,872,0,355,0,551,31,96,424
53011,WA,Clark County,503311,58790,373671,11607,3103,24265,5222,26653,385835,37097,298297,8735,2514,19667,3543,15982,117476,21693,75374,2872,589,4598,1679,10671,195036,187188,7848,3761,1818,769,0,948,101,1943,148,0,1795
53013,WA,Columbia County,3952,304,3430,10,43,23,0,142,3277,210,2906,9,28,23,0,101,675,94,524,1,15,0,0,41,2190,1765,425,70,35,0,0,35,0,35,0,0,35
53015,WA,Cowlitz County,110730,10802,89812,875,1420,1789,646,5386,85596,6484,71970,666,1104,1436,423,3513,25134,4318,17842,209,316,353,223,1873,45424,42787,2637,928,592,192,25,375,0,336,0,0,336
53017,WA,Douglas County,42938,14637,26000,175,341,429,58,1298,32199,9290,21304,121,251,348,39,846,10739,5347,4696,54,90,81,19,452,17318,15415,1903,592,93,0,20,73,0,499,0,0,499
53019,WA,Ferry County,7178,210,5199,31,1293,47,11,387,5831,154,4430,30,892,44,11,270,1347,56,769,1,401,3,0,117,4059,3140,919,122,53,23,0,19,11,69,0,0,69
53021,WA,Franklin County,96749,52445,37953,1705,441,1836,201,2168,66302,32496,29168,1400,371,1400,131,1336,30447,19949,8785,305,70,436,70,832,29740,28748,992,3435,2633,2536,0,97,0,802,137,0,665
53023,WA,Garfield County,2286,110,2077,5,18,10,0,66,1799,65,1659,2,11,8,0,54,487,45,418,3,7,2,0,12,1194,964,230,22,22,7,0,15,0,0,0,0,0
53025,WA,Grant County,99123,42401,51187,754,839,1200,101,2641,70900,26419,40515,587,643,955,82,1699,28223,15982,10672,167,196,245,19,942,38635,34078,4557,2200,477,152,31,294,0,1723,58,0,1665
53027,WA,Grays Harbor County,75636,7834,58116,1098,3500,1069,130,3889,60530,4746,48827,923,2443,932,106,2553,15106,3088,9289,175,1057,137,24,1336,36058,29869,6189,2909,2312,2087,11,214,0,597,0,0,597
53029,WA,Island County,86857,7118,67293,2431,556,3997,419,5043,71175,4722,57181,1926,458,3390,328,3170,15682,2396,10112,505,98,607,91,1873,41922,35917,6005,1710,160,59,0,89,12,1550,0,1410,140
53033,WA,King County,2269675,243021,1260949,152245,12042,452246,19664,129508,1813470,169834,1063933,113395,9604,364620,13823,78261,456205,73187,197016,38850,2438,87626,5841,51247,969234,917764,51470,44337,11035,2734,468,7548,285,33302,17679,204,15419
53035,WA,Kitsap County,275611,24184,203376,7865,3516,14265,2835,19570,219552,16207,168255,6315,2602,12247,2144,11782,56059,7977,35121,1550,914,2018,691,7788,113248,105803,7445,8453,1547,224,35,1288,0,6906,105,5602,1199
53037,WA,Kittitas County,44337,4594,35998,445,410,936,88,1866,36115,3146,29988,383,347,827,77,1347,8222,1448,6010,62,63,109,11,519,23743,18650,5093,1169,161,64,6,65,26,1008,912,0,96
53041,WA,Lewis County,82149,8830,66779,636,985,849,164,3906,64000,5255,54064,484,766,725,127,2579,18149,3575,12715,152,219,124,37,1327,35412,31693,3719,776,419,56,131,232,0,357,0,0,357
37063,NC,Durham County,324833,50104,136450,110111,740,16960,104,10364,259565,33066,117043,87494,599,14771,75,6517,65268,17038,19407,22617,141,2189,29,3847,144559,134653,9906,14333,4123,2758,4,1319,42,10210,8115,0,2095
37069,NC,Franklin County,68573,6962,42759,15916,262,484,19,2171,53144,4357,34503,12403,226,384,11,1260,15429,2605,8256,3513,36,100,8,911,29358,26300,3058,1570,970,764,0,206,0,600,483,0,117
37075,NC,Graham County,8030,219,6906,48,570,20,5,262,6370,133,5666,32,363,18,1,157,1660,86,1240,16,207,2,4,105,5212,3317,1895,275,96,23,0,73,0,179,0,0,179
37081,NC,Guilford County,541299,52152,259380,180785,1974,29121,240,17647,423763,34038,217519,138242,1571,21500,184,10709,117536,18114,41861,42543,403,7621,56,6938,232277,216022,16255,25462,3356,892,102,2345,17,22106,20084,0,2022
37087,NC,Haywood County,62089,2829,56090,707,312,380,2,1769,51091,1861,46936,587,230,294,2,1181,10998,968,9154,120,82,86,0,588,34889,27193,7696,949,615,86,43,486,0,334,0,0,334
37095,NC,Hyde County,4589,347,2948,1157,7,9,2,119,3785,223,2454,1019,7,8,2,72,804,124,494,138,0,1,0,47,3146,1804,1342,567,551,531,0,20,0,16,0,0,16
37101,NC,Johnston County,215999,34400,138363,33423,894,1939,76,6904,160099,21098,108161,24852,688,1504,56,3740,55900,13302,30202,8571,206,435,20,3164,84340,79053,5287,1737,1429,865,13,543,8,308,0,0,308
37107,NC,Lenoir County,55122,4365,26765,22106,136,347,27,1376,42923,2663,22216,16853,110,256,26,799,12199,1702,4549,5253,26,91,1,577,26577,22930,3647,1374,1053,94,74,747,138,321,0,0,321
37113,NC,Macon County,37014,3498,31803,297,168,261,8,979,30345,2237,26827,227,124,208,7,715,6669,1261,4976,70,44,53,1,264,26948,16379,10569,318,229,78,26,64,61,89,0,0,89
37119,NC,Mecklenburg County,1115482,169922,508219,328254,2860,72716,584,32927,860025,113979,418826,249748,2232,54691,438,20111,255457,55943,89393,78506,628,18025,146,12816,478966,448814,30152,17423,5152,1584,118,3450,0,12271,10035,0,2236
37167,NC,Stanly County,62504,3086,48947,7077,212,1154,10,2018,49264,1934,39676,5462,179,808,9,1196,13240,1152,9271,1615,33,346,1,822,27685,24742,2943,2031,1365,943,10,412,0,666,417,0,249
37173,NC,Swain County,14117,592,8602,114,4035,58,10,706,10975,371,7214,96,2819,47,4,424,3142,221,1388,18,1216,11,6,282,8341,5734,2607,397,314,112,20,182,0,83,0,0,83
37179,NC,Union County,238267,30110,163396,26935,657,9687,102,7380,173864,18891,124027,19887,494,6524,71,3970,64403,11219,39369,7048,163,3163,31,3410,83788,80167,3621,2912,1021,204,4,798,15,1891,1707,0,184
37185,NC,Warren County,18642,739,7279,9078,955,72,6,513,15292,465,6418,7264,754,58,1,332,3350,274,861,1814,201,14,5,181,11309,7894,3415,870,798,654,8,136,0,72,0,0,72
37191,NC,Wayne County,117333,14927,60869,35588,340,1596,78,3935,90502,9317,49791,27329,271,1323,69,2402,26831,5610,11078,8259,69,273,9,1533,52551,45997,6554,3972,2516,1388,26,491,611,1456,400,580,476
37197,NC,Yadkin County,37214,4382,30594,1093,67,151,1,926,29484,2708,25160,869,52,132,0,563,7730,1674,5434,224,15,19,1,363,16946,15225,1721,461,348,83,7,258,0,113,0,0,113
34003,NJ,Bergen County,955732,204683,521676,52394,940,158585,201,17253,755234,150353,426735,42096,656,125873,157,9364,200498,54330,94941,10298,284,32712,44,7889,367383,350664,16719,10586,4726,723,49,3408,546,5860,3078,0,2782
34009,NJ,Cape May County,95263,7465,81024,3418,103,928,26,2299,78971,4731,69308,2722,89,765,22,1334,16292,2734,11716,696,14,163,4,965,99606,41012,58594,1474,836,137,16,683,0,638,0,96,542
34015,NJ,Gloucester County,302294,22135,228464,31998,359,9629,96,9613,237281,14340,185166,24433,300,7538,72,5432,65013,7795,43298,7565,59,2091,24,4181,117208,110471,6737,7746,1109,0,49,1060,0,6637,6083,0,554
34021,NJ,Mercer County,387340,84177,171740,73319,455,48630,135,8884,304672,58353,146325,56952,329,37268,110,5335,82668,25824,25415,16367,126,11362,25,3549,150442,139361,11081,19477,5853,3414,12,1632,795,13624,12268,0,1356
34027,NJ,Morris County,509285,76661,346872,16447,406,58115,114,10670,403593,55405,284012,13111,277,45100,88,5600,105692,21256,62860,3336,129,13015,26,5070,197722,188496,9226,8525,3440,33,37,2934,436,5085,3266,95,1724
34033,NJ,Salem County,64837,6535,46103,9153,187,679,15,2165,50538,4108,37745,6697,157,556,6,1269,14299,2427,8358,2456,30,123,9,896,27763,25225,2538,833,585,88,17,480,0,248,0,0,248
34039,NJ,Union County,575345,195519,220755,115473,662,32859,137,9940,440856,141485,177409,90249,445,25608,107,5553,134489,54034,43346,25224,217,7251,30,4387,209908,200372,9536,5554,2518,362,59,2005,92,3036,1544,0,1492
18003,IN,Allen County,385410,32923,273508,44376,910,18515,149,15029,287203,20077,214906,31213,717,12343,110,7837,98207,12846,58602,13163,193,6172,39,7192,162431,151690,10741,6255,3819,731,140,2943,5,2436,1412,0,1024
18009,IN,Blackford County,12112,252,11352,61,38,27,0,382,9527,155,9037,48,29,21,0,237,2585,97,2315,13,9,6,0,145,5857,5179,678,128,128,44,0,72,12,0,0,0,0
18015,IN,Carroll County,20306,823,18880,144,34,54,0,371,15504,492,14632,88,23,41,0,228,4802,331,4248,56,11,13,0,143,9483,8125,1358,116,96,0,0,96,0,20,0,0,20
18021,IN,Clay County,26466,460,25043,145,44,96,6,672,20452,282,19517,112,36,65,2,438,6014,178,5526,33,8,31,4,234,11632,10614,1018,353,302,156,0,146,0,51,0,0,51
18027,IN,Daviess County,33381,2103,29878,656,39,140,8,557,23699,1216,21559,469,33,82,4,336,9682,887,8319,187,6,58,4,221,12738,11737,1001,651,524,110,0,414,0,127,0,0,127
18033,IN,DeKalb County,43265,1185,40534,207,68,234,39,998,32726,724,30979,130,60,166,37,630,10539,461,9555,77,8,68,2,368,18096,16868,1228,441,393,75,0,318,0,48,0,0,48
18039,IN,Elkhart County,207047,39594,146730,11316,381,2329,60,6637,150481,24203,112944,7706,303,1827,43,3455,56566,15391,33786,3610,78,502,17,3182,79594,74631,4963,2394,1548,77,60,1401,10,846,403,0,443
18085,IN,Kosciusko County,80240,7492,68585,748,162,1365,17,1871,61326,4695,53778,532,132,1066,15,1108,18914,2797,14807,216,30,299,2,763,38133,31196,6937,1536,555,54,0,501,0,981,866,0,115
18091,IN,LaPorte County,112417,7985,87304,12065,256,794,23,3990,88485,5084,71241,9058,216,653,18,2215,23932,2901,16063,3007,40,141,5,1775,49780,43799,5981,6376,6192,5483,38,671,0,184,34,0,150
18097,IN,Marion County,977203,129286,501301,268109,1836,40631,425,35615,742442,81133,417165,193355,1480,28370,329,20610,234761,48153,84136,74754,356,12261,96,15005,436998,398062,38936,16569,6314,1629,343,4342,0,10255,7781,31,2443
18103,IN,Miami County,35962,1186,31343,1829,283,141,5,1175,28125,724,24730,1653,232,118,4,664,7837,462,6613,176,51,23,1,511,14852,13348,1504,3361,3330,3155,0,175,0,31,0,0,31
18109,IN,Morgan County,71780,1274,67541,385,197,295,12,2076,55773,783,52965,267,158,228,12,1360,16007,491,14576,118,39,67,0,716,29351,27720,1631,663,606,261,0,345,0,57,0,0,57
18115,IN,Ohio County,5940,79,5672,20,4,33,0,132,4724,54,4525,18,4,21,0,102,1216,25,1147,2,0,12,0,30,2722,2476,246,34,34,0,0,34,0,0,0,0,0
18121,IN,Parke County,16156,225,15407,202,55,31,0,236,12372,134,11833,178,44,26,0,157,3784,91,3574,24,11,5,0,79,7536,6052,1484,1018,998,998,0,0,0,20,0,0,20
18127,IN,Porter County,173215,18904,139277,7456,266,2268,55,4989,134936,12222,112229,5308,221,1879,40,3037,38279,6682,27048,2148,45,389,15,1952,71483,67361,4122,3296,1463,258,5,1200,0,1833,1547,0,286
18133,IN,Putnam County,36726,784,33454,1055,71,373,16,973,29577,591,26901,998,66,342,9,670,7149,193,6553,57,5,31,7,303,14946,13404,1542,4124,2341,2098,12,231,0,1783,1770,0,13
18139,IN,Rush County,16752,252,15957,99,19,58,9,358,12896,133,12406,79,19,36,3,220,3856,119,3551,20,0,22,6,138,7352,6712,640,121,121,9,0,112,0,0,0,0,0
18143,IN,Scott County,24384,535,22969,103,28,92,11,646,18845,344,17885,63,25,73,9,446,5539,191,5084,40,3,19,2,200,10715,9717,998,388,359,119,0,240,0,29,0,0,29
18149,IN,Starke County,23371,902,21663,80,60,51,4,611,18150,584,17018,58,50,33,0,407,5221,318,4645,22,10,18,4,204,11123,9287,1836,97,79,0,0,79,0,18,0,0,18
18155,IN,Switzerland County,9737,114,9325,20,26,21,0,231,7347,66,7053,16,24,21,0,167,2390,48,2272,4,2,0,0,64,4290,3788,502,107,107,54,0,53,0,0,0,0,0
18161,IN,Union County,7087,74,6789,24,22,34,8,136,5487,48,5284,20,11,28,0,96,1600,26,1505,4,11,6,8,40,3238,2923,315,42,42,5,0,37,0,0,0,0,0
18167,IN,Vigo County,106153,3239,89187,7298,318,2090,29,3992,84465,2247,71822,6049,280,1763,26,2278,21688,992,17365,1249,38,327,3,1714,46932,41849,5083,8860,3842,2916,66,860,0,5018,4668,0,350
18173,IN,Warrick County,63898,1383,57865,1095,94,1660,14,1787,48428,811,44566,798,76,1180,12,985,15470,572,13299,297,18,480,2,802,26118,24618,1500,942,905,78,8,819,0,37,0,0,37
18179,IN,Wells County,28180,1019,26180,238,50,136,5,552,21349,636,20089,150,41,86,5,342,6831,383,6091,88,9,50,0,210,11938,11134,804,472,429,71,0,358,0,43,0,0,43
25001,MA,Barnstable County,228996,7908,202767,7969,1168,3603,92,5489,196284,5460,177523,6098,899,2882,78,3344,32712,2448,25244,1871,269,721,14,2145,164885,103368,61517,4423,2186,213,37,1875,61,2237,1360,39,838
25007,MA,Dukes County,20600,534,17880,1054,214,265,13,640,17281,385,15172,910,160,213,12,429,3319,149,2708,144,54,52,1,211,17530,8932,8598,97,56,15,0,41,0,41,0,0,41
25013,MA,Hampden County,465825,121319,282953,36823,684,12370,194,11482,367439,82305,239307,28198,583,9532,164,7350,98386,39014,43646,8625,101,2838,30,4132,197033,185030,12003,14286,4846,1031,217,3561,37,9440,7137,0,2303
25019,MA,Nantucket County,14255,2312,10243,1078,21,279,4,318,11552,1677,8584,858,17,227,1,188,2703,635,1659,220,4,52,3,130,12169,5478,6691,64,34,0,0,34,0,30,0,0,30
39037,OH,Darke County,51881,859,49297,337,94,194,27,1073,39608,506,37953,225,73,153,22,676,12273,353,11344,112,21,41,5,397,22599,20925,1674,637,622,20,10,592,0,15,0,0,15
39043,OH,Erie County,75622,3130,61759,6751,124,499,11,3348,60530,2016,51219,5005,103,414,11,1762,15092,1114,10540,1746,21,85,0,1586,38262,32360,5902,1983,1388,104,39,1232,13,595,0,0,595
39049,OH,Franklin County,1323807,91182,799834,299870,2262,74744,492,55423,1022233,59348,660148,210382,1774,58084,386,32111,301574,31834,139686,89488,488,16660,106,23312,580903,540369,40534,31338,7889,2067,104,5718,0,23449,19640,0,3809
39055,OH,Geauga County,95397,1664,89991,1138,40,700,10,1854,73972,1053,70324,869,38,555,10,1123,21425,611,19667,269,2,145,0,731,37419,35460,1959,1218,846,116,1,729,0,372,0,0,372
39061,OH,Hamilton County,830639,36250,526693,209805,1235,25701,654,30301,645526,22874,430967,152796,962,20414,430,17083,185113,13376,95726,57009,273,5287,224,13218,379015,347126,31889,21499,9599,1241,205,7833,320,11900,9413,0,2487
39067,OH,Harrison County,14483,130,13592,238,14,42,7,460,11427,73,10829,202,12,26,7,278,3056,57,2763,36,2,16,0,182,7379,6032,1347,222,210,0,0,210,0,12,0,0,12
39071,OH,Highland County,43317,424,40774,550,110,120,9,1330,32967,253,31286,432,89,93,8,806,10350,171,9488,118,21,27,1,524,18981,16876,2105,394,346,28,0,318,0,48,0,0,48
39077,OH,Huron County,58565,4084,51760,602,140,227,13,1739,44780,2412,40578,457,117,182,11,1023,13785,1672,11182,145,23,45,2,716,25499,23406,2093,438,405,61,0,344,0,33,0,0,33
05099,AR,Nevada County,8310,354,5178,2443,37,43,0,255,6433,215,4148,1870,27,35,0,138,1877,139,1030,573,10,8,0,117,4298,3427,871,188,160,38,0,122,0,28,0,0,28
05101,AR,Newton County,7225,82,6727,18,69,26,1,302,5928,52,5546,12,59,22,1,236,1297,30,1181,6,10,4,0,66,4086,3169,917,72,72,4,0,68,0,0,0,0,0
05103,AR,Ouachita County,22650,516,12231,8879,52,128,3,841,17751,317,10100,6718,40,105,3,468,4899,199,2131,2161,12,23,0,373,11837,9944,1893,380,365,135,0,230,0,15,0,0,15
05105,AR,Perry County,10019,286,9168,114,44,15,0,392,7820,160,7250,97,39,14,0,260,2199,126,1918,17,5,1,0,132,4933,4085,848,90,65,8,0,57,0,25,0,0,25
05107,AR,Phillips County,16568,264,5591,10322,38,66,4,283,12328,189,4521,7345,26,57,2,188,4240,75,1070,2977,12,9,2,95,8315,6890,1425,212,129,27,0,102,0,83,0,0,83
05109,AR,Pike County,10171,831,8629,251,83,19,0,358,7897,536,6827,196,63,17,0,258,2274,295,1802,55,20,2,0,100,5289,4128,1161,222,170,55,0,115,0,52,52,0,0
05111,AR,Poinsett County,22965,829,19354,1789,92,61,1,839,17530,475,15169,1280,67,48,1,490,5435,354,4185,509,25,13,0,349,10327,9254,1073,306,271,20,0,251,0,35,0,0,35
05113,AR,Polk County,19221,1278,16353,60,336,106,9,1079,14907,790,13008,39,228,85,7,750,4314,488,3345,21,108,21,2,329,9612,7992,1620,94,94,11,0,83,0,0,0,0,0
05115,AR,Pope County,63381,6415,50698,2115,458,683,24,2988,48973,4065,40332,1656,373,540,24,1983,14408,2350,10366,459,85,143,0,1005,26902,24196,2706,2775,448,145,0,303,0,2327,2173,0,154
05117,AR,Prairie County,8282,145,6952,925,19,22,3,216,6495,82,5531,713,12,16,3,138,1787,63,1421,212,7,6,0,78,4071,3502,569,136,136,44,0,92,0,0,0,0,0
05119,AR,Pulaski County,399125,33153,196679,142905,1222,10146,217,14803,309578,21628,164303,105351,983,7932,165,9216,89547,11525,32376,37554,239,2214,52,5587,190511,170622,19889,8870,5181,2598,177,2110,296,3689,1924,741,1024
05121,AR,Randolph County,18571,384,16689,149,84,76,596,593,14127,234,12887,115,75,48,332,436,4444,150,3802,34,9,28,264,157,8562,7322,1240,333,281,48,0,233,0,52,0,0,52
05123,AR,St. Francis County,23090,686,9282,12516,66,126,0,414,18406,549,7895,9506,62,97,0,297,4684,137,1387,3010,4,29,0,117,9565,8470,1095,3442,3370,3232,32,106,0,72,0,0,72
05125,AR,Saline County,123416,8507,97859,10479,529,1490,72,4480,93852,5124,77209,7076,424,1117,45,2857,29564,3383,20650,3403,105,373,27,1623,51879,48232,3647,1300,1219,486,60,673,0,81,0,0,81
05127,AR,Scott County,9836,748,8173,39,183,278,5,410,7507,426,6452,16,132,211,5,265,2329,322,1721,23,51,67,0,145,4851,3930,921,135,135,33,0,102,0,0,0,0,0
05129,AR,Searcy County,7828,140,7159,9,65,22,5,428,6274,89,5763,4,59,22,5,332,1554,51,1396,5,6,0,0,96,4705,3441,1264,56,56,14,0,42,0,0,0,0,0
05131,AR,Sebastian County,127799,19328,83969,8021,2383,5755,95,8248,97381,12049,68027,5864,1751,4578,60,5052,30418,7279,15942,2157,632,1177,35,3196,56749,51312,5437,1806,1193,256,95,842,0,613,282,0,331
05133,AR,Sevier County,15839,5508,8483,559,305,63,241,680,11405,3319,6825,467,206,57,135,396,4434,2189,1658,92,99,6,106,284,6741,5731,1010,126,116,56,10,50,0,10,0,0,10
05135,AR,Sharp County,17271,362,15919,121,123,60,20,666,13733,222,12806,74,108,46,11,466,3538,140,3113,47,15,14,9,200,9499,7356,2143,190,170,21,0,149,0,20,0,0,20
05137,AR,Stone County,12359,271,11508,33,87,28,2,430,9880,177,9273,18,79,27,1,305,2479,94,2235,15,8,1,1,125,6784,5333,1451,139,98,30,0,68,0,41,0,0,41
05139,AR,Union County,39054,1754,23149,12719,109,286,17,1020,30008,1087,18575,9399,84,219,15,629,9046,667,4574,3320,25,67,2,391,18599,16182,2417,621,551,156,0,395,0,70,0,0,70
05143,AR,Washington County,245871,44755,162861,8604,2458,5735,8752,12706,187669,28669,132822,6334,1858,4681,4966,8339,58202,16086,30039,2270,600,1054,3786,4367,100508,92548,7960,9514,1818,653,67,1075,23,7696,6352,0,1344
05145,AR,White County,76822,3499,65255,3750,321,647,26,3324,58935,2090,51087,2853,266,507,24,2108,17887,1409,14168,897,55,140,2,1216,33270,29705,3565,2653,497,0,37,460,0,2156,2011,0,145
05149,AR,Yell County,20263,4204,14853,233,111,206,11,645,15326,2681,11788,175,89,161,2,430,4937,1523,3065,58,22,45,9,215,9246,7722,1524,248,233,0,5,228,0,15,0,0,15
09003,CT,Hartford County,899498,166275,533561,121078,1264,54248,255,22817,713425,115158,449352,93709,924,40709,190,13383,186073,51117,84209,27369,340,13539,65,9434,385307,362021,23286,23424,12142,5040,148,6657,297,11282,7193,0,4089
09005,CT,Litchfield County,185186,14580,158579,3287,286,3559,69,4826,151879,9635,133464,2594,226,2811,44,3105,33307,4945,25115,693,60,748,25,1721,87615,77502,10113,2994,1274,21,184,1047,22,1720,520,0,1200
09009,CT,New Haven County,864835,170081,520122,113259,1524,37891,341,21617,690994,116049,443493,86697,1284,30073,261,13137,173841,54032,76629,26562,240,7818,80,8480,369178,343437,25741,28779,8706,2239,410,5643,414,20073,16702,0,3371
09011,CT,New London County,268555,30920,198280,15265,2007,10827,223,11033,216922,20794,167178,11872,1499,8775,175,6629,51633,10126,31102,3393,508,2052,48,4404,122863,109572,13291,9642,3939,2023,43,1795,78,5703,2166,2240,1297
09015,CT,Windham County,116418,14459,93539,2223,332,2026,20,3819,93270,9517,77543,1767,283,1703,19,2438,23148,4942,15996,456,49,323,1,1381,49590,45874,3716,4449,1335,438,9,800,88,3114,2480,0,634
11001,DC,District of Columbia,689545,77652,267719,284747,1362,33764,374,23927,575161,60375,239467,225710,1129,31242,325,16913,114384,17277,28252,59037,233,2522,49,7014,350364,312448,37916,40682,5606,2278,315,2727,286,35076,23802,818,10456
02016,AK,Aleutians West Census Area,5232,668,1598,259,710,1503,238,256,4579,583,1503,259,551,1365,197,121,653,85,95,0,159,138,41,135,1331,902,429,2903,0,0,0,0,0,2903,0,232,2671
02020,AK,Anchorage Municipality,291247,26438,162236,14388,22563,27547,9855,28220,222915,17777,133414,11249,17033,21019,6224,16199,68332,8661,28822,3139,5530,6528,3631,12021,118640,109343,9297,9049,2345,1253,144,874,74,6704,514,2563,3627
02060,AK,Bristol Bay Borough,844,45,364,6,298,5,3,123,658,25,327,3,216,5,3,79,186,20,37,3,82,0,0,44,857,357,500,36,0,0,0,0,0,36,0,6,30
02063,NA,NA,7102,397,4840,54,658,530,61,562,5456,259,3881,46,499,406,41,324,1646,138,959,8,159,124,20,238,3565,2788,777,283,40,4,8,28,0,243,47,104,92
02068,AK,Denali Borough,1619,32,1397,10,60,13,3,104,1291,28,1135,9,54,13,0,52,328,4,262,1,6,0,3,52,1606,748,858,22,0,0,0,0,0,22,0,0,22
02070,AK,Dillingham Census Area,4857,146,786,22,3412,46,9,436,3319,87,658,21,2253,37,5,258,1538,59,128,1,1159,9,4,178,2405,1558,847,76,16,16,0,0,0,60,0,0,60
02100,AK,Haines Borough,2080,67,1617,4,207,17,2,166,1702,56,1364,3,167,14,2,96,378,11,253,1,40,3,0,70,1370,966,404,32,8,0,0,8,0,24,0,0,24
02105,AK,Hoonah-Angoon Census Area,2365,120,1137,12,845,17,4,230,1845,67,960,9,666,16,4,123,520,53,177,3,179,1,0,107,1777,979,798,23,0,0,0,0,0,23,0,0,23
02122,AK,Kenai Peninsula Borough,58799,2328,46548,470,4128,834,175,4316,45987,1501,37471,390,3128,721,142,2634,12812,827,9077,80,1000,113,33,1682,32622,23873,8749,1969,1087,954,26,107,0,882,201,59,622
02130,AK,Ketchikan Gateway Borough,13948,650,8416,123,2270,1128,27,1334,10855,427,6937,95,1651,908,20,817,3093,223,1479,28,619,220,7,517,6614,5479,1135,343,99,63,10,26,0,244,0,11,233
02158,AK,Kusilvak Census Area,8368,14,182,20,7950,25,0,177,4947,11,162,18,4644,19,0,93,3421,3,20,2,3306,6,0,84,2342,1943,399,20,0,0,0,0,0,20,0,4,16
02170,AK,Matanuska-Susitna Borough,107081,5244,82746,1260,6564,1617,482,9168,78081,3062,62675,991,4683,1274,323,5073,29000,2182,20071,269,1881,343,159,4095,51077,38380,12697,2372,1804,1557,50,197,0,568,140,0,428
02180,AK,Nome Census Area,10046,186,1432,58,7508,112,5,745,6751,123,1219,46,4832,88,5,438,3295,63,213,12,2676,24,0,307,4095,3030,1065,245,142,132,5,5,0,103,0,13,90
02188,AK,Northwest Arctic Borough,7793,102,691,71,6472,53,11,393,4986,69,608,65,3972,53,11,208,2807,33,83,6,2500,0,0,185,2717,2014,703,210,28,0,3,11,14,182,0,0,182
02195,AK,Petersburg Census Area,3398,164,2529,54,234,119,12,286,2685,102,2103,40,159,100,12,169,713,62,426,14,75,19,0,117,1718,1367,351,187,22,0,15,7,0,165,0,100,65
02220,AK,Sitka City and Borough,8458,501,5177,50,1218,580,14,918,6714,347,4361,44,932,487,14,529,1744,154,816,6,286,93,0,389,4139,3421,718,374,95,7,12,76,0,279,0,66,213
02230,AK,Skagway Municipality,1240,41,1067,7,23,40,0,62,993,33,872,5,21,29,0,33,247,8,195,2,2,11,0,29,760,531,229,35,0,0,0,0,0,35,0,0,35
02275,AK,Wrangell City and Borough,2127,76,1369,4,368,26,2,282,1707,49,1181,3,279,22,2,171,420,27,188,1,89,4,0,111,1273,933,340,21,15,0,0,15,0,6,0,0,6
02282,AK,Yakutat City and Borough,662,29,255,2,250,32,1,93,534,18,228,2,193,32,1,60,128,11,27,0,57,0,0,33,441,265,176,39,0,0,0,0,0,39,0,0,39
02290,AK,Yukon-Koyukuk Census Area,5343,72,1132,10,3859,10,3,257,3918,37,942,8,2747,10,3,171,1425,35,190,2,1112,0,0,86,4014,2194,1820,120,1,0,0,1,0,119,10,3,106
08003,CO,Alamosa County,16376,7701,7697,238,220,153,21,346,12544,5441,6344,210,175,126,17,231,3832,2260,1353,28,45,27,4,115,7064,6377,687,941,264,136,0,128,0,677,614,0,63
08007,CO,Archuleta County,13359,2159,10376,60,171,111,6,476,10948,1503,8845,51,130,89,5,325,2411,656,1531,9,41,22,1,151,9495,5792,3703,89,64,15,0,49,0,25,0,0,25
08009,CO,Baca County,3506,346,2951,28,39,12,0,130,2753,226,2373,20,30,11,0,93,753,120,578,8,9,1,0,37,1972,1575,397,37,37,1,0,36,0,0,0,0,0
08013,CO,Boulder County,330758,48168,250174,3641,1144,16553,254,10824,268640,33513,210231,3012,966,13839,228,6851,62118,14655,39943,629,178,2714,26,3973,140848,132551,8297,15351,1879,349,51,1479,0,13472,12094,0,1378
08014,CO,Broomfield County,74112,9919,54916,1038,206,5140,82,2811,57916,6756,44390,821,174,4037,64,1674,16196,3163,10526,217,32,1103,18,1137,31298,29682,1616,497,478,87,0,391,0,19,0,0,19
08017,CO,Cheyenne County,1748,206,1484,5,5,3,0,45,1338,125,1179,5,0,3,0,26,410,81,305,0,5,0,0,19,925,745,180,27,27,0,0,27,0,0,0,0,0
08021,CO,Conejos County,7461,3779,3497,22,44,24,2,93,5515,2848,2534,14,34,19,2,64,1946,931,963,8,10,5,0,29,3998,2896,1102,63,53,10,0,43,0,10,0,0,10
08023,CO,Costilla County,3499,1988,1277,40,39,56,0,99,2879,1562,1136,29,28,52,0,72,620,426,141,11,11,4,0,27,2423,1594,829,5,5,5,0,0,0,0,0,0,0
29173,MO,Ralls County,10355,96,9831,124,26,21,4,253,8090,74,7715,90,14,17,4,176,2265,22,2116,34,12,4,0,77,5028,4125,903,102,81,0,0,66,15,21,0,0,21
29175,MO,Randolph County,24716,572,21505,1379,103,103,10,1044,19421,339,17089,1215,80,92,10,596,5295,233,4416,164,23,11,0,448,10773,9424,1349,2144,1961,1611,0,350,0,183,114,0,69
29177,MO,Ray County,23158,580,21205,248,140,82,8,895,17828,364,16509,193,108,59,8,587,5330,216,4696,55,32,23,0,308,9842,9081,761,217,207,36,0,163,8,10,0,0,10
29179,MO,Reynolds County,6096,99,5716,36,23,18,2,202,4790,62,4526,24,22,9,0,147,1306,37,1190,12,1,9,2,55,3461,2475,986,194,144,11,39,94,0,50,0,0,50
29181,MO,Ripley County,10679,127,10015,33,44,28,1,431,8291,67,7845,22,33,27,1,296,2388,60,2170,11,11,1,0,135,5145,4380,765,108,0,0,0,0,0,108,0,0,108
29183,MO,St. Charles County,405262,16011,340361,21176,645,11260,210,15599,310617,10314,266904,15405,509,8501,152,8832,94645,5697,73457,5771,136,2759,58,6767,161144,154851,6293,5416,2103,122,77,1876,28,3313,2564,0,749
29185,MO,St. Clair County,9284,178,8667,34,65,21,7,312,7310,94,6881,29,38,20,7,241,1974,84,1786,5,27,1,0,71,5288,3928,1360,170,170,101,0,69,0,0,0,0,0
29186,MO,Ste. Genevieve County,18479,269,17303,328,54,31,2,492,14513,188,13643,289,39,30,2,322,3966,81,3660,39,15,1,0,170,8301,7104,1197,749,704,466,0,238,0,45,0,0,45
29187,MO,St. Francois County,66922,1089,60239,2704,194,423,22,2251,52905,721,47633,2540,157,329,13,1512,14017,368,12606,164,37,94,9,739,28636,24792,3844,6922,6170,5111,70,651,338,752,425,0,327
29189,MO,St. Louis County,1004125,37178,634602,247192,1555,49199,298,34101,784377,24781,518638,181910,1212,38026,235,19575,219748,12397,115964,65282,343,11173,63,14526,444653,411076,33577,20144,10766,1930,465,8143,228,9378,7696,0,1682
29195,MO,Saline County,23333,2830,17730,1217,74,200,398,884,18120,1934,14188,1035,49,179,255,480,5213,896,3542,182,25,21,143,404,9836,8469,1367,2227,359,46,61,244,8,1868,1718,0,150
29197,MO,Schuyler County,4032,47,3877,2,1,28,1,76,2990,23,2892,1,1,22,0,51,1042,24,985,1,0,6,1,25,1887,1603,284,46,46,0,0,46,0,0,0,0,0
29199,MO,Scotland County,4716,35,4572,7,5,5,1,91,3311,18,3224,3,5,1,1,59,1405,17,1348,4,0,4,0,32,2210,1809,401,64,64,0,2,62,0,0,0,0,0
29201,MO,Scott County,38059,935,30937,4522,85,164,3,1413,28941,551,24367,3037,63,125,0,798,9118,384,6570,1485,22,39,3,615,16746,15306,1440,522,427,114,13,300,0,95,0,0,95
29205,MO,Shelby County,6103,117,5795,23,20,3,0,145,4611,69,4437,3,10,1,0,91,1492,48,1358,20,10,2,0,54,2950,2493,457,196,156,2,57,97,0,40,27,0,13
29207,MO,Stoddard County,28672,566,26819,306,67,94,2,818,22234,353,21007,227,60,66,2,519,6438,213,5812,79,7,28,0,299,13402,11917,1485,432,355,39,4,302,10,77,0,0,77
29211,MO,Sullivan County,5999,1054,4555,211,26,34,1,118,4599,674,3665,131,20,24,0,85,1400,380,890,80,6,10,1,33,3024,2484,540,111,90,0,0,90,0,21,0,0,21
29213,MO,Taney County,56066,4329,47082,899,417,634,188,2517,44701,3065,38148,706,347,516,188,1731,11365,1264,8934,193,70,118,0,786,29391,22486,6905,2272,407,118,8,274,7,1865,1755,0,110
29217,MO,Vernon County,19707,426,18243,123,135,111,18,651,14930,277,13915,95,115,91,11,426,4777,149,4328,28,20,20,7,225,8921,7751,1170,670,416,91,46,279,0,254,230,0,24
29219,MO,Warren County,35532,1400,31631,764,117,157,2,1461,27258,830,24754,555,96,128,0,895,8274,570,6877,209,21,29,2,566,15355,13578,1777,169,102,87,0,15,0,67,0,0,67
29223,MO,Wayne County,10974,155,10189,53,67,24,5,481,8859,84,8289,32,61,18,5,370,2115,71,1900,21,6,6,0,111,6109,4756,1353,167,149,46,0,95,8,18,0,0,18
29225,MO,Webster County,39085,790,36268,215,244,151,10,1407,28500,467,26674,172,184,119,2,882,10585,323,9594,43,60,32,8,525,15220,14046,1174,819,759,604,0,155,0,60,0,0,60
29229,MO,Wright County,18188,370,16838,126,74,60,5,715,13490,211,12591,81,56,40,5,506,4698,159,4247,45,18,20,0,209,8347,7182,1165,208,190,64,7,119,0,18,0,0,18
12001,FL,Alachua County,278468,33614,163678,51919,590,18148,111,10408,227905,26433,140749,38252,478,15225,100,6668,50563,7181,22929,13667,112,2923,11,3740,123359,112723,10636,17629,2523,1211,60,1214,38,15106,13316,0,1790
12003,FL,Baker County,28259,973,22394,3851,110,168,14,749,21638,718,17200,3080,85,120,11,424,6621,255,5194,771,25,48,3,325,9809,9087,722,3062,3062,2289,0,389,384,0,0,0,0
12007,FL,Bradford County,28303,1350,20502,5465,64,150,13,759,22992,1094,16716,4544,61,127,10,440,5311,256,3786,921,3,23,3,319,10723,9462,1261,4319,4280,4010,0,270,0,39,0,0,39
12009,FL,Brevard County,606612,67907,438828,58092,1620,16067,512,23586,497095,48780,374684,43927,1356,13364,418,14566,109517,19127,64144,14165,264,2703,94,9020,288794,257026,31768,7990,4445,1054,190,3181,20,3545,1676,135,1734
12013,FL,Calhoun County,13648,622,10546,1676,93,49,0,662,10923,465,8462,1440,76,44,0,436,2725,157,2084,236,17,5,0,226,5628,4784,844,1805,1805,1562,0,243,0,0,0,0,0
12015,FL,Charlotte County,186847,14079,155744,9255,399,2668,98,4604,164240,10315,140650,7539,350,2275,76,3035,22607,3764,15094,1716,49,393,22,1569,110046,85846,24200,3908,3556,1871,52,1595,38,352,94,0,258
12019,FL,Clay County,218245,23134,151363,26122,701,6770,373,9782,166139,15420,119898,18821,579,5499,258,5664,52106,7714,31465,7301,122,1271,115,4118,85049,78939,6110,2498,1987,427,9,1551,0,511,0,0,511
12021,FL,Collier County,375752,102249,238838,23244,574,5635,89,5123,313169,74006,214107,16634,435,4642,72,3273,62583,28243,24731,6610,139,993,17,1850,228390,157921,70469,4838,2585,585,45,1884,71,2253,949,0,1304
12027,FL,DeSoto County,33976,10011,18853,4227,81,205,8,591,27008,6786,16180,3465,71,160,5,341,6968,3225,2673,762,10,45,3,250,15548,11941,3607,3125,2521,2482,0,39,0,604,0,0,604
12029,FL,Dixie County,16759,688,13880,1562,61,66,0,502,13730,523,11428,1370,53,52,0,304,3029,165,2452,192,8,14,0,198,9276,6248,3028,1876,1876,1823,0,53,0,0,0,0,0
12033,FL,Escambia County,321905,20793,204213,68862,2027,10091,426,15493,258145,14930,172427,50426,1743,8490,340,9789,63760,5863,31786,18436,284,1601,86,5704,145390,128160,17230,18716,6562,3282,100,3180,0,12154,4134,5937,2083
12035,FL,Flagler County,115378,12299,85798,10869,311,2548,68,3485,96386,9050,74232,8557,245,2153,48,2101,18992,3249,11566,2312,66,395,20,1384,55565,48450,7115,804,570,154,4,412,0,234,12,0,222
12039,FL,Gadsden County,43826,5093,14273,23380,75,165,8,832,34617,3362,12621,17840,61,138,7,588,9209,1731,1652,5540,14,27,1,244,18929,16806,2123,2073,1114,991,0,123,0,959,0,0,959
12041,FL,Gilchrist County,17864,1348,14965,808,63,61,4,615,14174,927,12104,643,48,60,2,390,3690,421,2861,165,15,1,2,225,7493,6551,942,999,983,818,0,165,0,16,0,0,16
12045,FL,Gulf County,14192,555,11325,1700,67,63,0,482,11821,418,9526,1457,67,43,0,310,2371,137,1799,243,0,20,0,172,8796,5571,3225,1233,1233,1129,0,104,0,0,0,0,0
12047,FL,Hamilton County,14004,1455,7704,4430,48,48,0,319,11329,989,6486,3589,42,41,0,182,2675,466,1218,841,6,7,0,137,5596,4690,906,2435,2435,2323,44,60,8,0,0,0,0
12051,FL,Hendry County,39619,22112,12319,4228,158,360,5,437,29444,15713,10055,3011,120,277,0,268,10175,6399,2264,1217,38,83,5,169,14971,12644,2327,2263,456,218,0,238,0,1807,0,0,1807
12053,FL,Hernando County,194515,29045,146279,9884,567,2682,99,5959,158664,20782,124033,7446,441,2181,78,3703,35851,8263,22246,2438,126,501,21,2256,89165,79773,9392,2117,1793,1097,16,655,25,324,15,0,309
12057,FL,Hillsborough County,1459762,427381,683723,228842,2974,71335,1033,44474,1139031,313058,570109,169057,2366,56037,794,27610,320731,114323,113614,59785,608,15298,239,16864,602886,559949,42937,30510,9546,2959,493,5867,227,20964,13565,350,7049
12059,FL,Holmes County,19653,688,16882,1219,120,85,13,646,15598,494,13443,1083,111,76,11,380,4055,194,3439,136,9,9,2,266,8622,7282,1340,1912,1905,1619,49,237,0,7,0,0,7
12063,FL,Jackson County,47319,2215,30959,12096,198,311,19,1521,38271,1620,25487,9810,172,249,13,920,9048,595,5472,2286,26,62,6,601,19882,17083,2799,6512,6331,5482,34,587,228,181,122,0,59
12065,FL,Jefferson County,14510,658,8809,4625,37,40,3,338,12055,484,7544,3719,32,38,3,235,2455,174,1265,906,5,2,0,103,6690,5816,874,1013,1013,888,0,125,0,0,0,0,0
12069,FL,Lake County,383956,65375,257984,39098,1070,9008,378,11043,312444,46469,221184,29152,873,7344,266,7156,71512,18906,36800,9946,197,1664,112,3887,177628,156923,20705,4842,4231,1734,57,2440,0,611,28,0,583
12071,FL,Lee County,760822,173161,499674,57627,1308,13345,271,15436,628325,122745,442148,41270,1063,10943,213,9943,132497,50416,57526,16357,245,2402,58,5493,416332,318303,98029,13126,6474,1484,142,4679,169,6652,4646,55,1951
12075,FL,Levy County,42915,4080,33326,3652,124,314,12,1407,34293,2717,27565,2702,103,245,8,953,8622,1363,5761,950,21,69,4,454,20868,17756,3112,286,226,132,0,94,0,60,0,0,60
12079,FL,Madison County,17968,881,10234,6310,54,53,0,436,14388,676,8462,4893,39,43,0,275,3580,205,1772,1417,15,10,0,161,8315,6877,1438,1715,1668,1366,26,276,0,47,0,0,47
12081,FL,Manatee County,399710,70979,277335,31784,805,8640,264,9903,326633,47826,241461,23194,674,7046,196,6236,73077,23153,35874,8590,131,1594,68,3667,206633,168437,38196,6280,5015,1943,98,2912,62,1265,0,12,1253
12085,FL,Martin County,158431,24187,120884,7472,224,2319,47,3298,132255,16201,105978,5881,186,1852,38,2119,26176,7986,14906,1591,38,467,9,1179,81371,68750,12621,4752,3443,2343,0,1094,6,1309,95,0,1214
12086,FL,Miami-Dade County,2701767,1856938,390243,385817,1855,43666,525,22723,2178620,1522567,304193,296710,1334,36600,433,16783,523147,334371,86050,89107,521,7066,92,5940,1074685,967414,107271,38717,20180,11692,125,7898,465,18537,10741,29,7767
12089,FL,Nassau County,90352,4449,76696,5035,227,904,54,2987,72186,2985,62477,3961,179,734,42,1808,18166,1464,14219,1074,48,170,12,1179,41628,35919,5709,747,691,257,0,434,0,56,0,0,56
12091,FL,Okaloosa County,211668,22578,149014,19476,837,6771,457,12535,164455,14874,120644,14707,692,5830,335,7373,47213,7704,28370,4769,145,941,122,5162,101197,83957,17240,4366,2722,1715,106,859,42,1644,0,1363,281
12095,FL,Orange County,1429908,473025,563678,270720,2554,79760,1380,38791,1115798,353363,468370,201296,2027,64388,1130,25224,314110,119662,95308,69424,527,15372,250,13567,561851,519437,42414,36561,10249,4685,303,5078,183,26312,22616,0,3696
12097,FL,Osceola County,388656,211089,119491,37079,634,12064,328,7971,297816,156913,97431,27837,494,9705,264,5172,90840,54176,22060,9242,140,2359,64,2799,154680,130574,24106,2905,1951,790,60,1101,0,954,150,0,804
12099,FL,Palm Beach County,1492191,349933,804297,260671,1707,44961,636,29986,1208624,256872,702101,192281,1340,36251,544,19235,283567,93061,102196,68390,367,8710,92,10751,705988,607880,98108,27343,14502,4028,278,10086,110,12841,5750,9,7082
12101,FL,Pasco County,561891,93157,398970,32812,1434,16846,346,18326,448026,65024,332788,24441,1180,13219,266,11108,113865,28133,66182,8371,254,3627,80,7218,256783,225214,31569,7985,4786,1991,59,2716,20,3199,2298,0,901
12103,FL,Pinellas County,959107,102439,695961,93355,2039,34428,857,30028,810121,75570,613427,70956,1773,28491,628,19276,148986,26869,82534,22399,266,5937,229,10752,516324,442789,73535,20350,12338,2871,230,9183,54,8012,2156,71,5785
53043,WA,Lincoln County,10876,385,9702,29,205,76,14,465,8582,230,7809,19,151,64,13,296,2294,155,1893,10,54,12,1,169,5732,4528,1204,67,67,7,0,48,12,0,0,0,0
53047,WA,Okanogan County,42104,8197,27109,228,4591,297,43,1639,32978,5409,22780,177,3240,249,34,1089,9126,2788,4329,51,1351,48,9,550,21720,16942,4778,1323,338,114,18,188,18,985,0,0,985
53049,WA,Pacific County,23365,2196,18975,129,502,481,43,1039,19358,1338,16368,88,407,402,33,722,4007,858,2607,41,95,79,10,317,16034,10514,5520,346,185,52,95,38,0,161,0,0,161
53053,WA,Pierce County,921130,111811,582194,65029,9763,62947,18267,71119,709366,71929,474524,50249,7233,51856,12482,41093,211764,39882,107670,14780,2530,11091,5785,30026,359489,339840,19649,23291,6952,3448,94,2691,719,16339,2806,8263,5270
53055,WA,San Juan County,17788,1298,15396,84,93,238,24,655,15258,870,13543,76,62,213,14,480,2530,428,1853,8,31,25,10,175,13772,8446,5326,121,6,6,0,0,0,115,15,0,100
53059,WA,Skamania County,12036,765,10264,96,173,131,30,577,9798,501,8550,68,150,114,21,394,2238,264,1714,28,23,17,9,183,5796,4748,1048,458,14,14,0,0,0,444,0,0,444
53061,WA,Snohomish County,827957,95644,540379,29820,8066,101462,4955,47631,639797,62130,439350,21785,6097,79274,3579,27582,188160,33514,101029,8035,1969,22188,1376,20049,321523,306828,14695,9101,5082,2863,65,2154,0,4019,337,680,3002
53065,WA,Stevens County,46445,1685,39485,217,2561,312,86,2099,36608,1060,31917,162,1784,260,57,1368,9837,625,7568,55,777,52,29,731,22242,18805,3437,259,152,10,0,142,0,107,0,0,107
53067,WA,Thurston County,294793,29024,212324,9478,3664,17171,3256,19876,231089,18629,174346,7265,2745,14082,2423,11599,63704,10395,37978,2213,919,3089,833,8277,121438,115397,6041,4733,1816,858,41,838,79,2917,1085,0,1832
53071,WA,Walla Walla County,62584,14206,43427,1062,424,958,136,2371,49597,9364,36337,964,354,818,111,1649,12987,4842,7090,98,70,140,25,722,24971,23082,1889,5356,3064,2382,13,669,0,2292,1933,0,359
53073,WA,Whatcom County,226847,22825,174093,2580,5481,10143,688,11037,182483,15246,145013,2022,3849,8444,569,7340,44364,7579,29080,558,1632,1699,119,3697,100064,90123,9941,6032,1248,216,193,839,0,4784,3714,0,1070
53077,WA,Yakima County,256728,130049,105805,1997,9387,2904,227,6359,184371,82166,87372,1565,6475,2400,167,4226,72357,47883,18433,432,2912,504,60,2133,90504,85882,4622,4041,1804,815,35,954,0,2237,196,0,2041
54001,WV,Barbour County,15465,192,14499,262,37,33,0,442,12330,141,11598,246,32,25,0,288,3135,51,2901,16,5,8,0,154,7114,6168,946,718,103,0,0,103,0,615,593,0,22
54005,WV,Boone County,21809,133,20852,139,39,38,2,606,17266,89,16572,109,37,23,2,434,4543,44,4280,30,2,15,0,172,10132,8878,1254,144,133,0,34,99,0,11,0,0,11
54007,WV,Braxton County,12447,85,12001,56,19,25,11,250,10087,54,9778,49,19,25,11,151,2360,31,2223,7,0,0,0,99,6251,5175,1076,436,436,370,0,66,0,0,0,0,0
54011,WV,Cabell County,94350,1562,82723,4871,188,1366,22,3618,76413,1108,68006,3819,166,1138,21,2155,17937,454,14717,1052,22,228,1,1463,46125,39921,6204,4488,1957,621,77,1004,255,2531,2055,0,476
54013,WV,Calhoun County,6229,48,6014,13,12,14,2,126,5009,31,4855,8,12,13,0,90,1220,17,1159,5,0,1,2,36,3181,2699,482,26,26,0,0,26,0,0,0,0,0
54015,WV,Clay County,8051,52,7683,11,29,17,0,259,6320,31,6052,4,29,14,0,190,1731,21,1631,7,0,3,0,69,3907,3224,683,54,54,0,0,54,0,0,0,0,0
54019,WV,Fayette County,40488,525,36693,1697,101,119,4,1349,32082,357,29257,1401,86,93,3,885,8406,168,7436,296,15,26,1,464,19089,16441,2648,1485,1472,1058,36,378,0,13,0,0,13
54021,WV,Gilmer County,7408,244,6060,924,12,32,0,136,6276,218,4984,923,12,30,0,109,1132,26,1076,1,0,2,0,27,3090,2522,568,1633,1509,1440,0,69,0,124,124,0,0
54025,WV,Greenbrier County,32977,571,30452,796,59,210,6,883,26614,405,24771,649,56,173,1,559,6363,166,5681,147,3,37,5,324,17807,14414,3393,401,320,0,20,300,0,81,0,0,81
54027,WV,Hampshire County,23093,337,21879,204,31,69,4,569,18579,213,17732,150,28,58,1,397,4514,124,4147,54,3,11,3,172,12416,9612,2804,410,376,251,41,84,0,34,0,0,34
54031,WV,Hardy County,14299,659,12805,415,16,56,0,348,11275,421,10256,320,16,46,0,216,3024,238,2549,95,0,10,0,132,8127,5993,2134,75,47,0,0,47,0,28,0,0,28
54033,WV,Harrison County,65921,1403,60632,1157,138,507,29,2055,52001,972,48371,907,112,397,22,1220,13920,431,12261,250,26,110,7,835,30480,27358,3122,930,599,0,60,539,0,331,207,0,124
54037,WV,Jefferson County,57701,4137,46450,3491,108,856,19,2640,44965,2612,37234,2840,92,707,18,1462,12736,1525,9216,651,16,149,1,1178,23762,21902,1860,1069,218,0,0,218,0,851,771,0,80
54039,WV,Kanawha County,180745,2720,154256,13761,366,2227,51,7364,145391,1826,126521,10595,315,1801,35,4298,35354,894,27735,3166,51,426,16,3066,90294,79365,10929,3118,1646,547,47,1025,27,1472,910,0,562
54043,WV,Lincoln County,20463,171,19784,53,22,28,0,405,15918,115,15428,32,22,20,0,301,4545,56,4356,21,0,8,0,104,9549,8205,1344,62,54,0,0,54,0,8,0,0,8
54045,WV,Logan County,32567,224,31003,590,41,67,1,641,26129,168,24968,489,36,52,0,416,6438,56,6035,101,5,15,1,225,14738,13033,1705,762,670,449,11,210,0,92,0,0,92
54049,WV,Marion County,56205,875,50889,1884,123,276,44,2114,44894,619,41146,1452,114,212,34,1317,11311,256,9743,432,9,64,10,797,26280,23223,3057,1532,500,0,53,447,0,1032,905,0,127
54051,WV,Marshall County,30591,354,29061,280,35,115,7,739,24723,258,23625,232,29,94,7,478,5868,96,5436,48,6,21,0,261,14728,12940,1788,851,782,582,0,191,9,69,0,0,69
54055,WV,Mercer County,59664,705,52692,3759,161,307,7,2033,47634,476,42755,2824,130,258,6,1185,12030,229,9937,935,31,49,1,848,29321,25356,3965,1189,428,0,21,363,44,761,591,0,170
54057,WV,Mineral County,26938,309,24847,732,37,119,5,889,21433,201,19981,608,35,93,5,510,5505,108,4866,124,2,26,0,379,12453,11114,1339,517,121,0,0,121,0,396,377,0,19
54061,WV,Monongalia County,105822,3308,90064,4214,157,3777,66,4236,88063,2504,75946,3490,134,3109,49,2831,17759,804,14118,724,23,668,17,1405,49881,44385,5496,8140,1077,682,24,371,0,7063,6808,0,255
54063,WV,Monroe County,12376,94,11818,120,26,14,0,304,9895,77,9503,85,17,8,0,205,2481,17,2315,35,9,6,0,99,6219,5130,1089,245,82,0,0,82,0,163,0,0,163
54067,WV,Nicholas County,24604,173,23663,66,44,74,7,577,19777,131,19057,45,43,61,6,434,4827,42,4606,21,1,13,1,143,12496,10630,1866,103,64,0,12,52,0,39,0,0,39
54069,WV,Ohio County,42425,647,38056,1729,69,402,21,1501,34307,425,31384,1263,51,324,14,846,8118,222,6672,466,18,78,7,655,21170,18335,2835,2123,452,71,75,306,0,1671,1343,0,328
54071,WV,Pendleton County,6143,57,5864,84,7,1,2,128,5102,42,4893,72,7,1,0,87,1041,15,971,12,0,0,2,41,3666,2726,940,105,84,0,0,84,0,21,0,0,21
54073,WV,Pleasants County,7653,63,7260,97,22,18,0,193,6215,37,5921,87,21,9,0,140,1438,26,1339,10,1,9,0,53,3209,2880,329,737,737,678,0,59,0,0,0,0,0
54075,WV,Pocahontas County,7869,107,7508,59,23,12,0,160,6523,68,6283,48,16,11,0,97,1346,39,1225,11,7,1,0,63,6795,3460,3335,291,291,220,0,65,6,0,0,0,0
54077,WV,Preston County,34216,695,30600,2021,70,57,5,768,27778,586,24581,1993,67,44,4,503,6438,109,6019,28,3,13,1,265,15174,12945,2229,3359,3341,3158,8,175,0,18,0,0,18
54079,WV,Putnam County,57440,811,53545,699,83,599,9,1694,44467,517,41883,498,74,463,9,1023,12973,294,11662,201,9,136,0,671,24795,22936,1859,325,293,0,0,293,0,32,0,0,32
54081,WV,Raleigh County,74591,1197,64094,5860,134,845,17,2444,59099,828,51230,4764,118,694,16,1449,15492,369,12864,1096,16,151,1,995,34581,30326,4255,3328,2768,2298,19,451,0,560,439,0,121
54083,WV,Randolph County,27932,312,26274,450,57,105,2,732,22746,200,21540,370,49,83,1,503,5186,112,4734,80,8,22,1,229,13035,10980,2055,2448,1948,1636,65,247,0,500,465,0,35
54085,WV,Ritchie County,8444,80,8162,22,6,20,7,147,6813,44,6604,18,6,17,7,117,1631,36,1558,4,0,3,0,30,4142,3631,511,28,28,0,0,28,0,0,0,0,0
54087,WV,Roane County,14028,152,13333,41,28,39,0,435,11137,84,10657,26,25,32,0,313,2891,68,2676,15,3,7,0,122,7151,5922,1229,91,91,0,0,91,0,0,0,0,0
54089,WV,Summers County,11959,185,10905,405,33,35,0,396,9877,144,9026,383,28,29,0,267,2082,41,1879,22,5,6,0,129,6529,4921,1608,989,985,838,27,120,0,4,0,0,4
54091,WV,Taylor County,16705,179,15831,121,19,43,0,512,13263,120,12638,95,16,42,0,352,3442,59,3193,26,3,1,0,160,7441,6723,718,466,462,352,0,110,0,4,0,0,4
54093,WV,Tucker County,6762,56,6494,23,4,7,1,177,5490,41,5322,6,3,6,1,111,1272,15,1172,17,1,1,0,66,4650,2993,1657,119,119,0,43,76,0,0,0,0,0
54095,WV,Tyler County,8313,53,8038,8,15,4,0,195,6639,41,6448,5,15,4,0,126,1674,12,1590,3,0,0,0,69,4119,3513,606,72,69,0,0,69,0,3,0,0,3
54097,WV,Upshur County,23816,316,22553,223,40,90,5,589,18849,217,17914,189,36,82,5,406,4967,99,4639,34,4,8,0,183,11178,9598,1580,967,120,0,0,116,4,847,810,0,37
54099,WV,Wayne County,38982,319,37395,191,54,91,10,922,30509,203,29450,118,53,68,5,612,8473,116,7945,73,1,23,5,310,18150,16088,2062,178,75,0,28,47,0,103,0,0,103
54101,WV,Webster County,8378,50,8132,12,14,5,2,163,6714,23,6551,11,10,5,0,114,1664,27,1581,1,4,0,2,49,4381,3598,783,60,60,0,0,60,0,0,0,0,0
54103,WV,Wetzel County,14442,148,13803,42,18,51,0,380,11639,105,11179,29,18,38,0,270,2803,43,2624,13,0,13,0,110,7254,6229,1025,113,94,0,0,94,0,19,0,0,19
54105,WV,Wirt County,5194,22,5042,8,4,1,4,113,4111,13,4016,2,2,1,4,73,1083,9,1026,6,2,0,0,40,2702,2211,491,0,0,0,0,0,0,0,0,0,0
54107,WV,Wood County,84296,1174,78442,1089,150,593,18,2830,66918,795,62939,812,137,479,15,1741,17378,379,15503,277,13,114,3,1089,40304,36192,4112,1152,904,333,41,530,0,248,127,0,121
54109,WV,Wyoming County,21382,170,20661,112,30,15,1,393,16908,121,16397,94,19,15,1,261,4474,49,4264,18,11,0,0,132,9949,8545,1404,162,57,0,0,57,0,105,0,0,105
55003,WI,Ashland County,16027,383,12788,119,1999,84,9,645,12586,219,10400,88,1397,73,9,400,3441,164,2388,31,602,11,0,245,9407,6805,2602,642,244,43,24,177,0,398,367,0,31
08027,CO,Custer County,4704,178,4295,23,43,28,0,137,3996,140,3687,19,37,21,0,92,708,38,608,4,6,7,0,45,4175,2219,1956,11,11,11,0,0,0,0,0,0,0
08029,CO,Delta County,31196,4329,25451,169,125,258,10,854,24993,2914,21005,137,110,196,10,621,6203,1415,4446,32,15,62,0,233,14780,13075,1705,773,671,515,11,145,0,102,0,0,102
08033,CO,Dolores County,2326,176,1994,20,36,7,5,88,1924,115,1677,16,32,5,5,74,402,61,317,4,4,2,0,14,1319,932,387,254,0,0,0,0,0,254,0,0,254
08035,CO,Douglas County,357978,34110,283532,5248,992,20022,304,13770,266006,22174,216480,4030,747,14798,239,7538,91972,11936,67052,1218,245,5224,65,6232,135643,129862,5781,1656,1122,283,0,839,0,534,0,0,534
08037,CO,Eagle County,55731,16858,36731,351,120,734,28,909,43263,11577,30064,287,90,603,28,614,12468,5281,6667,64,30,131,0,295,32967,20760,12207,107,89,36,0,53,0,18,0,0,18
08039,CO,Elbert County,26062,2067,22597,153,129,197,22,897,20395,1358,18073,121,112,146,21,564,5667,709,4524,32,17,51,1,333,9805,9376,429,70,46,26,0,20,0,24,0,0,24
08041,CO,El Paso County,730395,129984,489753,42408,3896,22231,2791,39332,558711,85855,393725,32498,3082,18200,2020,23331,171684,44129,96028,9910,814,4031,771,16001,287459,272683,14776,20484,4305,1512,452,2341,0,16179,1789,12665,1725
08043,CO,Fremont County,48939,6049,38576,1869,696,363,31,1355,41204,4781,32702,1799,656,310,23,933,7735,1268,5874,70,40,53,8,422,20243,17871,2372,8008,7940,7503,26,411,0,68,0,0,68
08045,CO,Garfield County,61685,19564,39466,355,305,432,36,1527,46166,12631,31575,274,251,366,25,1044,15519,6933,7891,81,54,66,11,483,24091,22364,1727,1102,519,262,0,257,0,583,332,0,251
08047,CO,Gilpin County,5808,380,5044,43,41,89,4,207,4916,293,4305,38,37,78,4,161,892,87,739,5,4,11,0,46,3516,2608,908,40,24,24,0,0,0,16,0,0,16
08049,CO,Grand County,15717,1533,13643,77,57,91,17,299,13090,1053,11610,66,40,84,11,226,2627,480,2033,11,17,7,6,73,16633,7006,9627,198,19,9,0,0,10,179,0,0,179
08051,CO,Gunnison County,16918,1604,14550,105,77,133,8,441,14028,1129,12302,86,70,110,6,325,2890,475,2248,19,7,23,2,116,12131,7135,4996,1039,69,17,0,52,0,970,942,0,28
08053,CO,Hinsdale County,788,30,706,10,6,3,1,32,657,25,608,4,6,3,0,11,131,5,98,6,0,0,1,21,1329,375,954,0,0,0,0,0,0,0,0,0,0
08055,CO,Huerfano County,6820,2130,4323,66,78,29,0,194,5722,1569,3859,52,58,27,0,157,1098,561,464,14,20,2,0,37,4679,3195,1484,103,80,10,0,70,0,23,0,0,23
08057,CO,Jackson County,1379,138,1187,1,12,3,2,36,1137,87,1007,1,12,3,0,27,242,51,180,0,0,0,2,9,1190,656,534,2,2,2,0,0,0,0,0,0,0
08059,CO,Jefferson County,582910,91514,443469,7433,2948,18044,484,19018,469066,64628,368764,5866,2390,14849,382,12187,113844,26886,74705,1567,558,3195,102,6831,248429,237676,10753,8775,4859,2274,206,2354,25,3916,2851,0,1065
08061,CO,Kiowa County,1446,104,1264,3,0,9,1,65,1099,57,988,3,0,9,1,41,347,47,276,0,0,0,0,24,736,581,155,33,33,0,0,33,0,0,0,0,0
08063,CO,Kit Carson County,7087,1409,5391,33,24,33,5,192,5305,865,4251,19,16,30,5,119,1782,544,1140,14,8,3,0,73,3410,2893,517,93,78,13,0,65,0,15,0,0,15
08065,CO,Lake County,7436,2662,4395,43,48,68,8,212,5884,1832,3769,39,38,59,3,144,1552,830,626,4,10,9,5,68,4303,3075,1228,109,0,0,0,0,0,109,76,0,33
08067,CO,La Plata County,55638,7008,43251,280,2814,424,35,1826,45269,4994,36342,217,2133,353,24,1206,10369,2014,6909,63,681,71,11,620,28198,23487,4711,1782,302,110,0,192,0,1480,1318,0,162
08069,CO,Larimer County,359066,44662,287740,3958,1519,8594,288,12305,289333,30786,238609,3202,1250,7102,236,8148,69733,13876,49131,756,269,1492,52,4157,158769,144360,14409,11654,2088,743,15,1295,35,9566,8099,0,1467
08071,CO,Las Animas County,14555,5632,8136,209,146,117,13,302,12044,4322,7110,179,121,87,11,214,2511,1310,1026,30,25,30,2,88,8077,6373,1704,720,618,522,0,96,0,102,55,0,47
08073,CO,Lincoln County,5675,809,4306,280,64,42,22,152,4485,602,3381,277,62,32,14,117,1190,207,925,3,2,10,8,35,2358,1980,378,978,978,918,0,60,0,0,0,0,0
08075,CO,Logan County,21528,3511,16514,766,162,129,18,428,17431,2576,13603,699,150,111,14,278,4097,935,2911,67,12,18,4,150,8668,7919,749,3161,2550,2436,0,114,0,611,405,0,206
08077,CO,Mesa County,155703,23278,123245,1252,954,1714,194,5066,123055,15716,100614,959,790,1411,154,3411,32648,7562,22631,293,164,303,40,1655,67407,63133,4274,3920,1289,580,59,611,39,2631,2000,0,631
08081,CO,Moffat County,13292,2124,10487,100,99,59,2,421,9993,1357,8164,69,89,43,1,270,3299,767,2323,31,10,16,1,151,6091,5352,739,119,102,48,0,54,0,17,0,0,17
08083,CO,Montezuma County,25849,3109,18363,102,3170,140,25,940,20464,2043,15458,77,2151,121,19,595,5385,1066,2905,25,1019,19,6,345,12295,10806,1489,289,224,121,0,103,0,65,0,0,65
08087,CO,Morgan County,29111,10566,16749,956,111,168,11,550,21390,6881,13297,641,93,131,10,337,7721,3685,3452,315,18,37,1,213,11493,10519,974,464,352,57,0,295,0,112,0,0,112
08091,CO,Ouray County,4874,292,4394,23,16,31,2,116,4183,208,3832,23,16,23,0,81,691,84,562,0,0,8,2,35,3314,2297,1017,0,0,0,0,0,0,0,0,0,0
08093,CO,Park County,17390,1235,15226,112,126,109,10,572,14595,868,12996,93,111,92,9,426,2795,367,2230,19,15,17,1,146,14112,7810,6302,28,19,19,0,0,0,9,0,0,9
08097,CO,Pitkin County,17358,1892,14658,114,37,292,7,358,14481,1461,12382,103,31,261,7,236,2877,431,2276,11,6,31,0,122,13245,8027,5218,72,23,23,0,0,0,49,0,0,49
08099,CO,Prowers County,11999,4680,6782,95,119,40,6,277,8960,3005,5555,77,92,33,6,192,3039,1675,1227,18,27,7,0,85,5437,4730,707,368,143,61,0,82,0,225,207,0,18
08103,CO,Rio Blanco County,6529,622,5597,36,51,27,4,192,4889,388,4271,31,40,21,4,134,1640,234,1326,5,11,6,0,58,3274,2592,682,225,9,9,0,0,0,216,183,0,33
08105,CO,Rio Grande County,11539,4609,6403,65,139,42,4,277,8959,3312,5278,54,94,35,3,183,2580,1297,1125,11,45,7,1,94,6527,4789,1738,134,131,11,0,120,0,3,0,0,3
08109,CO,Saguache County,6368,2394,3635,29,81,68,2,159,5096,1704,3132,24,64,55,2,115,1272,690,503,5,17,13,0,44,3739,2835,904,34,18,18,0,0,0,16,0,0,16
08113,CO,San Miguel County,8072,882,6863,31,50,61,0,185,6515,599,5655,28,38,59,0,136,1557,283,1208,3,12,2,0,49,6551,3597,2954,9,9,9,0,0,0,0,0,0,0
08115,CO,Sedgwick County,2404,363,1954,6,10,13,0,58,1920,234,1619,5,10,13,0,39,484,129,335,1,0,0,0,19,1343,1086,257,43,29,0,0,29,0,14,0,0,14
08119,CO,Teller County,24710,1716,21542,178,124,218,13,919,20544,1185,18288,144,111,175,10,631,4166,531,3254,34,13,43,3,288,13316,10621,2695,181,93,20,0,60,13,88,0,0,88
08121,CO,Washington County,4817,516,4109,29,8,17,10,128,3722,335,3247,28,8,14,10,80,1095,181,862,1,0,3,0,48,2276,1933,343,172,172,127,0,45,0,0,0,0,0
08125,CO,Yuma County,9988,2771,7022,31,16,29,3,116,7320,1703,5469,19,14,22,3,90,2668,1068,1553,12,2,7,0,26,4315,3852,463,201,201,99,0,102,0,0,0,0,0
10003,DE,New Castle County,570719,63516,308290,143792,947,35392,144,18638,449876,42353,258717,109583,742,27434,111,10936,120843,21163,49573,34209,205,7958,33,7702,233747,219571,14176,15899,6348,3390,72,2747,139,9551,8232,0,1319
10005,DE,Sussex County,237378,26793,174206,25245,783,3150,76,7125,193862,16592,150983,18922,682,2546,61,4076,43516,10201,23223,6323,101,604,15,3049,142280,98514,43766,2765,2428,1300,0,1074,54,337,0,0,337
30003,MT,Big Horn County,13124,515,3441,20,8634,44,9,461,8747,329,2870,15,5185,36,3,309,4377,186,571,5,3449,8,6,152,4522,3927,595,285,195,110,19,66,0,90,0,0,90
30005,MT,Blaine County,7044,158,2993,19,3621,17,0,236,4965,96,2381,17,2320,10,0,141,2079,62,612,2,1301,7,0,95,2824,2467,357,221,45,12,0,33,0,176,0,0,176
30009,MT,Carbon County,10473,261,9791,24,98,26,0,273,8506,167,8041,22,69,22,0,185,1967,94,1750,2,29,4,0,88,6359,4694,1665,86,64,0,0,64,0,22,0,0,22
30011,MT,Carter County,1415,11,1355,1,8,1,0,39,1088,10,1044,0,7,0,0,27,327,1,311,1,1,1,0,12,817,593,224,20,20,0,0,20,0,0,0,0,0
30015,MT,Chouteau County,5895,159,4225,12,1349,19,0,131,4346,97,3357,7,797,15,0,73,1549,62,868,5,552,4,0,58,2843,2291,552,38,20,9,0,11,0,18,0,0,18
30019,MT,Daniels County,1661,49,1486,0,34,14,0,78,1311,26,1201,0,17,14,0,53,350,23,285,0,17,0,0,25,1043,738,305,22,22,0,0,22,0,0,0,0,0
30021,MT,Dawson County,8940,288,8107,45,166,65,1,268,6974,152,6410,39,135,58,0,180,1966,136,1697,6,31,7,1,88,4382,3658,724,457,333,215,0,118,0,124,106,0,18
30025,MT,Fallon County,3049,63,2875,5,27,5,2,72,2209,28,2115,4,18,4,2,38,840,35,760,1,9,1,0,34,1526,1213,313,52,23,1,0,22,0,29,0,0,29
30027,MT,Fergus County,11446,225,10744,29,127,42,0,279,9076,137,8604,10,96,33,0,196,2370,88,2140,19,31,9,0,83,6013,5032,981,464,227,82,0,145,0,237,0,0,237
30031,MT,Gallatin County,118960,5895,106157,648,928,1458,94,3780,95459,4143,86270,501,684,1224,71,2566,23501,1752,19887,147,244,234,23,1214,52835,47117,5718,4158,380,104,5,269,2,3778,3599,0,179
30033,MT,Garfield County,1173,14,1127,0,9,2,1,20,897,9,860,0,9,0,0,19,276,5,267,0,0,2,1,1,795,509,286,20,20,0,0,20,0,0,0,0,0
30037,MT,Golden Valley County,823,35,750,10,1,1,1,25,661,18,617,7,0,1,0,18,162,17,133,3,1,0,1,7,474,372,102,0,0,0,0,0,0,0,0,0,0
30041,MT,Hill County,16309,500,11195,50,3671,82,8,803,11997,304,8821,40,2300,71,8,453,4312,196,2374,10,1371,11,0,350,7223,6176,1047,862,158,36,0,122,0,704,227,0,477
30043,MT,Jefferson County,12085,291,11134,29,162,54,0,415,9566,170,8949,21,120,46,0,260,2519,121,2185,8,42,8,0,155,5375,4894,481,280,181,72,33,76,0,99,0,0,99
30047,MT,Lake County,31134,1168,20707,91,6636,150,22,2360,23912,760,17102,70,4389,125,21,1445,7222,408,3605,21,2247,25,1,915,16390,12486,3904,303,187,39,30,118,0,116,45,0,71
30049,MT,Lewis and Clark County,70973,2599,63167,343,1237,585,46,2996,55685,1663,50443,257,928,467,44,1883,15288,936,12724,86,309,118,2,1113,33599,30204,3395,1508,490,130,35,282,43,1018,640,0,378
30053,MT,Lincoln County,19677,561,18013,53,207,109,14,720,16037,372,14866,37,168,88,13,493,3640,189,3147,16,39,21,1,227,10953,8886,2067,224,188,19,36,133,0,36,0,0,36
12107,FL,Putnam County,73321,7816,51126,11391,289,498,40,2161,58184,5057,42841,8159,233,421,33,1440,15137,2759,8285,3232,56,77,7,721,36014,29569,6445,1265,1133,747,12,363,11,132,0,0,132
12109,FL,St. Johns County,273425,22607,217756,13354,570,9959,163,9016,210601,14979,173148,9820,476,7098,110,4970,62824,7628,44608,3534,94,2861,53,4046,119090,104640,14450,3709,2459,439,167,1838,15,1250,616,0,634
12111,FL,St. Lucie County,329226,66320,181067,65857,613,6074,169,9126,263741,46872,157300,48261,500,5032,150,5626,65485,19448,23767,17596,113,1042,19,3500,147884,128997,18887,2910,2276,1196,33,1047,0,634,77,24,533
12113,FL,Santa Rosa County,188000,11890,149839,11009,1126,3938,367,9831,145194,7937,118065,8873,933,3250,258,5878,42806,3953,31774,2136,193,688,109,3953,75854,69454,6400,6213,6084,5520,38,462,64,129,0,43,86
12115,FL,Sarasota County,434006,43236,354917,16904,717,8654,179,9399,374464,31468,316246,12777,607,7157,127,6082,59542,11768,38671,4127,110,1497,52,3317,253231,200211,53020,7959,6086,830,0,5203,53,1873,1207,0,666
12117,FL,Seminole County,470856,106539,270013,51725,829,25646,288,15816,370782,77906,222886,39535,658,19969,220,9608,100074,28633,47127,12190,171,5677,68,6208,193790,182420,11370,4954,2948,770,83,2095,0,2006,580,0,1426
12119,FL,Sumter County,129752,7583,110106,8418,315,1281,36,2013,120696,5962,104555,7281,292,1134,32,1440,9056,1621,5551,1137,23,147,4,573,75304,62907,12397,8553,8433,8104,0,329,0,120,0,0,120
12121,FL,Suwannee County,43474,4785,32047,4982,169,287,17,1187,34279,3212,26048,3873,138,227,17,764,9195,1573,5999,1109,31,60,0,423,18859,16385,2474,2635,2582,2116,56,410,0,53,0,0,53
12123,FL,Taylor County,21796,866,15738,4212,103,230,0,647,17482,684,12825,3301,95,175,0,402,4314,182,2913,911,8,55,0,245,11088,8138,2950,2519,2460,2353,0,107,0,59,0,0,59
12125,FL,Union County,16147,764,11693,3213,45,43,0,389,13093,615,9346,2843,39,31,0,219,3054,149,2347,370,6,12,0,170,4713,4271,442,4774,4774,4755,19,0,0,0,0,0,0
12127,FL,Volusia County,553543,82652,385425,56439,1319,10831,286,16591,458123,59867,334185,42891,1120,9027,216,10817,95420,22785,51240,13548,199,1804,70,5774,272325,232301,40024,16750,7722,2916,244,4519,43,9028,6390,21,2617
12129,FL,Wakulla County,33764,1577,26307,4240,159,216,22,1243,26854,1221,20994,3532,131,170,21,785,6910,356,5313,708,28,46,1,458,13633,11970,1663,3409,3379,3264,0,115,0,30,0,0,30
12131,FL,Walton County,75305,6187,61378,3383,419,945,41,2952,59955,4098,50135,2706,343,770,32,1871,15350,2089,11243,677,76,175,9,1081,56197,29981,26216,2365,2294,1835,30,429,0,71,0,0,71
12133,FL,Washington County,25318,924,19671,3258,232,141,29,1063,20174,649,15876,2725,188,109,14,613,5144,275,3795,533,44,32,15,450,10846,9124,1722,2389,2304,2087,0,217,0,85,0,0,85
31001,NE,Adams County,31205,3659,26004,264,120,426,9,723,23842,2238,20552,203,89,340,9,411,7363,1421,5452,61,31,86,0,312,13806,12690,1116,964,134,28,20,72,14,830,711,0,119
31003,NE,Antelope County,6295,221,5925,30,16,22,0,81,4823,116,4596,20,16,20,0,55,1472,105,1329,10,0,2,0,26,3112,2670,442,56,56,20,0,36,0,0,0,0,0
31007,NE,Banner County,674,51,603,0,5,2,0,13,513,36,463,0,5,0,0,9,161,15,140,0,0,2,0,4,327,267,60,0,0,0,0,0,0,0,0,0,0
31009,NE,Blaine County,431,11,398,1,0,1,0,20,343,2,329,0,0,1,0,11,88,9,69,1,0,0,0,9,299,199,100,0,0,0,0,0,0,0,0,0,0
31013,NE,Box Butte County,10842,1246,8810,70,293,73,0,350,8184,763,6959,53,184,51,0,174,2658,483,1851,17,109,22,0,176,5234,4566,668,121,113,18,0,95,0,8,0,0,8
31015,NE,Boyd County,1810,33,1737,1,11,0,0,28,1462,17,1423,1,5,0,0,16,348,16,314,0,6,0,0,12,1226,833,393,26,26,0,0,26,0,0,0,0,0
31019,NE,Buffalo County,50084,5062,42492,623,150,673,36,1048,38037,3197,33123,451,114,584,27,541,12047,1865,9369,172,36,89,9,507,20947,19590,1357,2494,813,216,0,580,17,1681,1564,0,117
31021,NE,Burt County,6722,172,6247,21,72,36,17,157,5230,86,4935,14,58,24,14,99,1492,86,1312,7,14,12,3,58,3324,2851,473,86,70,0,0,70,0,16,0,0,16
31025,NE,Cass County,26598,988,24566,125,88,114,9,708,20253,572,19023,77,61,83,5,432,6345,416,5543,48,27,31,4,276,11623,10315,1308,233,233,71,0,162,0,0,0,0,0
31027,NE,Cedar County,8380,186,8034,26,13,9,2,110,6269,104,6066,20,13,9,2,55,2111,82,1968,6,0,0,0,55,3900,3380,520,105,105,9,0,96,0,0,0,0,0
31031,NE,Cherry County,5455,148,4830,13,271,8,0,185,4233,82,3859,12,163,8,0,109,1222,66,971,1,108,0,0,76,2979,2427,552,47,43,8,0,35,0,4,0,0,4
31033,NE,Cheyenne County,9468,751,8348,62,29,81,0,197,7321,472,6595,43,29,57,0,125,2147,279,1753,19,0,24,0,72,4891,4168,723,117,71,11,0,60,0,46,30,0,16
31037,NE,Colfax County,10582,4993,5062,379,26,52,2,68,7375,2978,4036,267,15,37,0,42,3207,2015,1026,112,11,15,2,26,3976,3615,361,62,44,0,0,44,0,18,0,0,18
31041,NE,Custer County,10545,388,9890,51,32,21,2,161,8060,219,7679,27,19,16,0,100,2485,169,2211,24,13,5,2,61,5310,4551,759,95,84,4,0,80,0,11,0,0,11
31043,NE,Dakota County,21582,8811,9465,1611,526,606,154,409,15318,5451,7771,1018,339,442,92,205,6264,3360,1694,593,187,164,62,204,7765,7400,365,203,193,80,14,99,0,10,0,0,10
31047,NE,Dawson County,24111,8643,13672,1203,45,199,42,307,17327,5446,10743,745,27,147,28,191,6784,3197,2929,458,18,52,14,116,9792,8868,924,247,228,79,16,133,0,19,0,0,19
31049,NE,Deuel County,1838,100,1696,3,7,7,0,25,1444,62,1343,2,7,7,0,23,394,38,353,1,0,0,0,2,1048,834,214,0,0,0,0,0,0,0,0,0,0
31053,NE,Dodge County,37167,6083,29766,241,134,194,13,736,28050,3612,23577,176,102,158,7,418,9117,2471,6189,65,32,36,6,318,16191,14813,1378,732,295,0,0,295,0,437,399,0,38
31055,NE,Douglas County,584526,80820,386906,64618,2705,27917,424,21136,435999,49817,307992,45031,1939,19748,315,11157,148527,31003,78914,19587,766,8169,109,9979,245050,229416,15634,11829,4863,2115,532,2175,41,6966,4403,0,2563
31059,NE,Fillmore County,5551,177,5231,20,19,13,1,90,4290,100,4107,5,15,10,1,52,1261,77,1124,15,4,3,0,38,2718,2386,332,111,111,1,2,106,2,0,0,0,0
31061,NE,Franklin County,2889,82,2753,8,3,14,0,29,2271,60,2170,8,3,10,0,20,618,22,583,0,0,4,0,9,1527,1285,242,25,25,0,0,25,0,0,0,0,0
31065,NE,Furnas County,4636,220,4265,10,19,6,0,116,3594,127,3366,5,12,5,0,79,1042,93,899,5,7,1,0,37,2518,2049,469,77,74,4,0,70,0,3,0,0,3
31067,NE,Gage County,21704,635,20214,133,78,104,1,539,16795,336,15920,88,56,85,0,310,4909,299,4294,45,22,19,1,229,10327,9284,1043,406,290,17,0,273,0,116,0,0,116
31071,NE,Garfield County,1813,24,1766,3,0,0,0,20,1431,16,1395,3,0,0,0,17,382,8,371,0,0,0,0,3,1053,776,277,70,70,0,0,70,0,0,0,0,0
31073,NE,Gosper County,1893,95,1750,2,4,13,0,29,1476,54,1383,2,4,7,0,26,417,41,367,0,0,6,0,3,1148,789,359,26,26,0,0,26,0,0,0,0,0
31077,NE,Greeley County,2188,52,2105,4,3,7,1,16,1676,26,1627,3,3,7,0,10,512,26,478,1,0,0,1,6,1189,948,241,24,24,0,0,24,0,0,0,0,0
31079,NE,Hall County,62895,19181,39807,1867,220,712,30,1078,45900,11929,31489,1173,159,561,30,559,16995,7252,8318,694,61,151,0,519,25159,23805,1354,1087,768,226,16,526,0,319,0,0,319
31083,NE,Harlan County,3073,90,2932,1,5,11,0,34,2436,67,2331,0,5,10,0,23,637,23,601,1,0,1,0,11,1915,1355,560,58,45,7,0,38,0,13,0,0,13
31085,NE,Hayes County,856,63,766,0,4,2,0,21,661,46,594,0,4,2,0,15,195,17,172,0,0,0,0,6,442,354,88,0,0,0,0,0,0,0,0,0,0
31089,NE,Holt County,10127,521,9363,48,38,51,1,105,7683,328,7198,31,28,29,0,69,2444,193,2165,17,10,22,1,36,4893,4257,636,127,102,3,0,99,0,25,0,0,25
31091,NE,Hooker County,711,11,666,4,1,1,0,28,574,5,542,4,0,0,0,23,137,6,124,0,1,1,0,5,408,323,85,31,27,0,0,27,0,4,0,0,4
31095,NE,Jefferson County,7240,361,6624,25,40,19,0,171,5647,228,5266,21,22,17,0,93,1593,133,1358,4,18,2,0,78,3665,3179,486,113,99,7,0,92,0,14,0,0,14
31097,NE,Johnson County,5290,629,4134,313,52,77,0,85,4326,461,3392,311,52,60,0,50,964,168,742,2,0,17,0,35,2093,1797,296,1090,1090,1031,0,59,0,0,0,0,0
31101,NE,Keith County,8335,750,7323,20,19,40,7,176,6516,447,5908,12,18,38,3,90,1819,303,1415,8,1,2,4,86,5342,3672,1670,67,55,24,0,31,0,12,0,0,12
31103,NE,Keya Paha County,769,20,736,0,1,0,1,11,612,14,592,0,1,0,1,4,157,6,144,0,0,0,0,7,496,353,143,0,0,0,0,0,0,0,0,0,0
12105,FL,Polk County,725046,187695,399447,102733,1687,13786,343,19355,566436,130169,336383,75039,1419,11205,282,11939,158610,57526,63064,27694,268,2581,61,7416,316381,272418,43963,15413,8721,5393,62,3254,12,6692,5772,0,920
31107,NE,Knox County,8391,185,7020,19,944,29,3,191,6332,123,5523,16,531,28,0,111,2059,62,1497,3,413,1,3,80,4502,3435,1067,145,145,7,0,138,0,0,0,0,0
31109,NE,Lancaster County,322608,25844,254991,13812,1730,14154,178,11899,248605,16641,203651,9761,1329,10931,149,6143,74003,9203,51340,4051,401,3223,29,5756,135484,127884,7600,15014,4835,3472,47,1300,16,10179,8889,0,1290
31113,NE,Logan County,716,23,671,0,0,4,0,18,540,12,518,0,0,0,0,10,176,11,153,0,0,4,0,8,367,286,81,0,0,0,0,0,0,0,0,0,0
31115,NE,Loup County,607,18,573,0,0,1,0,15,483,7,467,0,0,1,0,8,124,11,106,0,0,0,0,7,419,272,147,0,0,0,0,0,0,0,0,0,0
31119,NE,Madison County,35585,5514,28046,436,374,458,8,749,26739,3437,22034,312,239,328,7,382,8846,2077,6012,124,135,130,1,367,15094,14024,1070,1425,719,58,37,624,0,706,449,0,257
31121,NE,Merrick County,7668,372,7021,41,26,29,3,176,5824,204,5470,22,21,17,0,90,1844,168,1551,19,5,12,3,86,3548,3072,476,152,93,9,0,84,0,59,5,0,54
31125,NE,Nance County,3380,60,3220,4,8,5,0,83,2592,38,2502,3,8,5,0,36,788,22,718,1,0,0,0,47,1610,1414,196,102,61,0,0,61,0,41,0,0,41
31129,NE,Nuckolls County,4095,118,3885,7,4,5,0,76,3302,72,3175,7,4,2,0,42,793,46,710,0,0,3,0,34,2216,1894,322,49,44,0,0,44,0,5,0,0,5
31131,NE,Otoe County,15912,1262,14031,93,39,90,0,397,12060,759,10914,62,31,69,0,225,3852,503,3117,31,8,21,0,172,6941,6390,551,239,215,20,0,195,0,24,0,0,24
55005,WI,Barron County,46711,1277,42751,843,437,359,6,1038,36847,782,34280,552,310,292,5,626,9864,495,8471,291,127,67,1,412,23779,19630,4149,823,510,90,0,420,0,313,69,0,244
55009,WI,Brown County,268740,26216,210658,8361,6342,8521,118,8524,206130,16007,169691,5765,4606,5734,95,4232,62610,10209,40967,2596,1736,2787,23,4292,112908,108156,4752,7172,2711,1841,19,819,32,4461,3438,0,1023
55011,WI,Buffalo County,13317,327,12679,45,31,23,12,200,10554,195,10139,30,24,20,12,134,2763,132,2540,15,7,3,0,66,6506,5667,839,155,47,19,0,28,0,108,0,0,108
55015,WI,Calumet County,52442,2857,46475,461,190,1282,43,1134,39712,1675,36133,285,146,864,24,585,12730,1182,10342,176,44,418,19,549,21511,20553,958,182,146,16,0,130,0,36,0,0,36
55017,WI,Chippewa County,66297,1257,61155,1092,325,1001,15,1452,51536,823,48097,929,256,646,14,771,14761,434,13058,163,69,355,1,681,28688,26287,2401,2841,2480,2012,11,457,0,361,0,0,361
55021,WI,Columbia County,58490,2139,53606,901,271,389,12,1172,46137,1351,42837,778,203,307,12,649,12353,788,10769,123,68,82,0,523,26565,23879,2686,1665,1340,891,0,449,0,325,0,0,325
55023,WI,Crawford County,16113,260,15185,274,43,72,1,278,12817,203,12098,259,42,43,1,171,3296,57,3087,15,1,29,0,107,8658,6760,1898,692,640,514,0,126,0,52,0,0,52
55027,WI,Dodge County,89396,5490,78568,2769,381,544,12,1632,71608,3505,63879,2508,331,441,6,938,17788,1985,14689,261,50,103,6,694,38123,35437,2686,5954,5459,4669,0,790,0,495,86,0,409
55029,WI,Door County,30066,1138,27837,159,123,144,2,663,25305,712,23871,107,99,115,2,399,4761,426,3966,52,24,29,0,264,23738,13989,9749,357,216,37,0,179,0,141,71,0,70
55033,WI,Dunn County,45440,1035,41352,410,160,1465,14,1004,36191,665,33437,312,124,1024,10,619,9249,370,7915,98,36,441,4,385,18693,17414,1279,3242,289,71,9,209,0,2953,2781,0,172
55035,WI,Eau Claire County,105710,3118,93422,1294,443,4395,84,2954,83793,1951,75856,923,346,3064,58,1595,21917,1167,17566,371,97,1331,26,1359,44966,42880,2086,5026,957,147,25,785,0,4069,3600,0,469
55039,WI,Fond du Lac County,104154,6717,90894,2375,360,1269,32,2507,82059,4230,73619,1578,312,903,23,1394,22095,2487,17275,797,48,366,9,1113,45740,42824,2916,3582,1690,1109,12,554,15,1892,1256,0,636
55041,WI,Forest County,9179,155,7417,33,1187,26,7,354,7302,73,6251,25,752,17,7,177,1877,82,1166,8,435,9,0,177,8604,4034,4570,142,136,43,0,93,0,6,0,0,6
55045,WI,Green County,37093,1500,34367,225,52,183,3,763,28864,878,27232,144,45,145,3,417,8229,622,7135,81,7,38,0,346,16273,15404,869,411,300,17,0,283,0,111,0,0,111
55047,WI,Green Lake County,19018,979,17423,121,49,106,0,340,15013,586,14035,89,37,79,0,187,4005,393,3388,32,12,27,0,153,10671,8099,2572,256,153,71,0,82,0,103,13,0,90
55051,WI,Iron County,6137,72,5874,18,63,16,0,94,5255,40,5072,13,54,13,0,63,882,32,802,5,9,3,0,31,5523,3035,2488,114,103,5,0,98,0,11,0,0,11
55053,WI,Jackson County,21145,678,18144,454,1320,81,0,468,16416,446,14361,406,861,78,0,264,4729,232,3783,48,459,3,0,204,9613,8136,1477,1340,1227,1121,0,106,0,113,0,0,113
55057,WI,Juneau County,26718,727,24292,563,356,156,1,623,21387,460,19650,517,279,121,1,359,5331,267,4642,46,77,35,0,264,14441,10741,3700,1658,1538,1399,0,139,0,120,0,0,120
55059,WI,Kenosha County,169151,24546,123705,11690,381,2856,70,5903,131452,15721,101524,8246,324,2300,56,3281,37699,8825,22181,3444,57,556,14,2622,72451,66842,5609,4386,1424,592,0,832,0,2962,2509,0,453
55063,WI,La Crosse County,120784,3051,106361,2077,444,5641,18,3192,96611,2089,87226,1456,336,3788,14,1702,24173,962,19135,621,108,1853,4,1490,52774,50088,2686,5357,777,59,30,628,60,4580,3897,0,683
55065,WI,Lafayette County,16611,1089,15208,32,20,38,4,220,12491,657,11622,24,11,36,4,137,4120,432,3586,8,9,2,0,83,7156,6618,538,131,59,16,0,43,0,72,15,0,57
55069,WI,Lincoln County,28415,529,26980,160,110,121,2,513,23017,321,22178,57,79,98,2,282,5398,208,4802,103,31,23,0,231,16034,12473,3561,535,499,69,98,332,0,36,0,0,36
55071,WI,Manitowoc County,81359,4050,71670,1092,374,2275,16,1882,64596,2380,58700,710,288,1471,11,1036,16763,1670,12970,382,86,804,5,846,37818,34995,2823,1290,710,183,0,527,0,580,90,0,490
55075,WI,Marinette County,41872,1079,39205,217,204,195,9,963,33918,700,32133,151,178,152,7,597,7954,379,7072,66,26,43,2,366,29189,18735,10454,729,577,113,21,443,0,152,14,0,138
55077,WI,Marquette County,15592,488,14606,55,61,57,6,319,12550,277,11926,39,53,46,4,205,3042,211,2680,16,8,11,2,114,9758,6769,2989,149,86,26,0,60,0,63,0,0,63
55079,WI,Milwaukee County,939489,153017,463456,242119,3956,46564,296,30081,720446,99824,397013,170048,3130,32965,246,17220,219043,53193,66443,72071,826,13599,50,12861,424191,393601,30590,21527,7523,2819,97,4582,25,14004,9995,0,4009
55081,WI,Monroe County,46274,2560,41056,654,494,364,64,1082,34674,1445,31546,451,340,287,44,561,11600,1115,9510,203,154,77,20,521,19769,18197,1572,816,342,57,6,247,32,474,0,119,355
55083,WI,Oconto County,38965,848,36633,108,464,117,0,795,31009,491,29524,81,345,95,0,473,7956,357,7109,27,119,22,0,322,23754,16454,7300,358,288,79,0,209,0,70,0,0,70
55087,WI,Outagamie County,190705,9423,163363,3051,2749,6643,114,5362,146186,5740,129068,2067,2035,4421,79,2776,44519,3683,34295,984,714,2222,35,2586,79131,76237,2894,3793,1654,434,10,1200,10,2139,1279,0,860
55089,WI,Ozaukee County,91503,3098,82270,1580,171,2321,16,2047,71843,1867,65864,1176,138,1727,6,1065,19660,1231,16406,404,33,594,10,982,39086,37015,2071,2199,528,182,0,346,0,1671,1355,0,316
55093,WI,Pierce County,42212,1220,39007,436,213,304,11,1021,33381,832,31154,336,176,258,11,614,8831,388,7853,100,37,46,0,407,16780,15958,822,2861,334,35,0,299,0,2527,2377,0,150
55095,WI,Polk County,44977,947,42297,191,375,220,8,939,35567,591,33876,124,263,162,8,543,9410,356,8421,67,112,58,0,396,24129,18959,5170,564,388,58,33,297,0,176,0,0,176
55099,WI,Price County,14054,180,13305,40,85,71,124,249,11566,105,11074,26,61,62,64,174,2488,75,2231,14,24,9,60,75,10735,6446,4289,178,121,6,0,115,0,57,0,0,57
55101,WI,Racine County,197727,27911,137276,22847,550,2347,52,6744,153051,17456,113486,16258,482,1867,44,3458,44676,10455,23790,6589,68,480,8,3286,84490,78959,5531,4487,4001,2273,434,1207,87,486,0,0,486
55105,WI,Rock County,163687,15800,131432,8237,394,2097,54,5673,126282,9544,106105,5744,322,1663,52,2852,37405,6256,25327,2493,72,434,2,2821,70068,65937,4131,3098,1012,235,22,746,9,2086,1013,0,1073
55107,WI,Rusk County,14188,250,13490,59,58,64,5,262,11302,164,10832,41,45,47,0,173,2886,86,2658,18,13,17,5,89,8560,6224,2336,207,181,33,0,148,0,26,14,0,12
55111,WI,Sauk County,65763,4050,58577,625,766,413,16,1316,51197,2589,46593,445,515,310,16,729,14566,1461,11984,180,251,103,0,587,30784,27094,3690,981,513,122,0,391,0,468,0,0,468
55113,WI,Sawyer County,18074,358,13993,116,2862,70,2,673,14724,223,11987,77,1960,54,0,423,3350,135,2006,39,902,16,2,250,15966,8030,7936,389,296,154,0,142,0,93,0,0,93
55115,WI,Shawano County,40881,1176,34684,132,3310,171,6,1402,32157,693,28105,88,2333,127,6,805,8724,483,6579,44,977,44,0,597,20354,17139,3215,550,377,153,12,212,0,173,0,0,173
55117,WI,Sheboygan County,118034,8662,96816,2539,370,6917,23,2707,92434,5355,79129,1834,307,4404,15,1390,25600,3307,17687,705,63,2513,8,1317,52303,48702,3601,3170,2210,1431,11,768,0,960,566,0,394
55119,WI,Taylor County,19913,567,18863,67,39,64,5,308,15126,331,14507,41,27,55,3,162,4787,236,4356,26,12,9,2,146,9379,8132,1247,175,148,38,0,110,0,27,0,0,27
55121,WI,Trempealeau County,30760,3957,26051,102,83,119,0,448,23150,2158,20570,74,53,78,0,217,7610,1799,5481,28,30,41,0,231,13270,12219,1051,417,366,13,0,353,0,51,0,0,51
55123,WI,Vernon County,30714,464,29483,145,42,101,10,469,22734,300,21956,104,42,78,2,252,7980,164,7527,41,0,23,8,217,13813,12082,1731,376,255,61,0,194,0,121,0,0,121
55125,WI,Vilas County,23047,459,19775,69,2182,64,0,498,19453,264,17333,65,1406,54,0,331,3594,195,2442,4,776,10,0,167,24486,10804,13682,145,72,65,0,7,0,73,0,0,73
55127,WI,Walworth County,106478,12550,89286,1243,232,1034,12,2121,84970,8107,73602,943,184,852,11,1271,21508,4443,15684,300,48,182,1,850,53146,42378,10768,4333,635,134,0,501,0,3698,3415,0,283
55129,WI,Washburn County,16623,299,15583,44,182,63,4,448,13612,179,12936,31,137,56,4,269,3011,120,2647,13,45,7,0,179,12708,7480,5228,191,107,3,0,104,0,84,0,0,84
55131,WI,Washington County,136761,4827,124934,1785,277,1991,30,2917,107030,2966,99669,1182,216,1430,26,1541,29731,1861,25265,603,61,561,4,1376,58311,55879,2432,903,440,128,0,312,0,463,0,0,463
55133,WI,Waukesha County,406978,21835,351981,6989,820,15779,128,9446,318193,13630,282953,4801,658,11168,96,4887,88785,8205,69028,2188,162,4611,32,4559,172177,164537,7640,4140,2189,351,94,1728,16,1951,903,0,1048
55135,WI,Waupaca County,51812,1864,48267,231,243,265,5,937,41368,1140,39091,178,191,210,5,553,10444,724,9176,53,52,55,0,384,25457,21951,3506,1366,1070,207,20,843,0,296,0,0,296
55137,WI,Waushara County,24520,1693,21764,402,122,103,14,422,20060,1085,18104,379,108,92,10,282,4460,608,3660,23,14,11,4,140,14710,10173,4537,1223,1178,1075,0,103,0,45,0,0,45
55139,WI,Winnebago County,171730,8328,146974,5068,939,5610,55,4756,136202,5265,119994,3674,760,3956,44,2509,35528,3063,26980,1394,179,1654,11,2247,76046,71473,4573,7363,4043,3045,20,835,143,3320,2767,0,553
55141,WI,Wood County,74207,2376,67657,599,551,1408,30,1586,58544,1393,54554,391,387,979,20,820,15663,983,13103,208,164,429,10,766,34549,32238,2311,1075,466,62,5,391,8,609,0,0,609
56001,WY,Albany County,37066,3910,30086,441,290,1048,31,1260,30852,2862,25598,365,210,895,25,897,6214,1048,4488,76,80,153,6,363,18494,15993,2501,2622,216,52,33,131,0,2406,2309,0,97
56003,WY,Big Horn County,11521,1069,10009,33,100,50,6,254,8627,642,7675,16,72,37,6,179,2894,427,2334,17,28,13,0,75,5327,4493,834,273,273,100,4,169,0,0,0,0,0
56005,WY,Campbell County,47026,4283,40166,273,511,340,26,1427,33847,2526,29688,192,345,262,19,815,13179,1757,10478,81,166,78,7,612,19816,17822,1994,521,371,223,12,132,4,150,57,0,93
56007,WY,Carbon County,14537,2600,11173,145,156,99,15,349,11221,1770,8905,117,126,80,8,215,3316,830,2268,28,30,19,7,134,8157,5921,2236,607,599,538,0,61,0,8,0,0,8
56009,WY,Converse County,13751,1062,12186,49,75,60,0,319,10331,668,9319,28,57,59,0,200,3420,394,2867,21,18,1,0,119,6612,5693,919,102,97,32,6,59,0,5,0,0,5
56011,WY,Crook County,7181,112,6857,5,46,11,7,143,5432,85,5182,5,33,11,2,114,1749,27,1675,0,13,0,5,29,3672,2943,729,27,22,0,0,22,0,5,0,0,5
56013,WY,Fremont County,39234,2421,26981,200,7805,220,12,1595,29597,1540,21845,164,4920,177,7,944,9637,881,5136,36,2885,43,5,651,17407,15146,2261,1291,562,339,1,222,0,729,382,0,347
30055,MT,McCone County,1729,32,1620,3,23,9,2,40,1353,17,1290,2,14,8,0,22,376,15,330,1,9,1,2,18,1025,747,278,16,16,0,0,16,0,0,0,0,0
30059,MT,Meagher County,1927,46,1800,15,4,3,0,59,1591,36,1503,11,0,1,0,40,336,10,297,4,4,2,0,19,1352,862,490,11,11,0,0,11,0,0,0,0,0
30061,MT,Mineral County,4535,147,4104,14,63,23,5,179,3719,88,3403,9,59,23,5,132,816,59,701,5,4,0,0,47,2563,2040,523,21,13,0,0,0,13,8,0,0,8
30065,MT,Musselshell County,4730,146,4309,7,87,24,5,152,3820,103,3540,7,54,19,5,92,910,43,769,0,33,5,0,60,2633,2070,563,39,17,2,0,15,0,22,0,0,22
30069,MT,Petroleum County,496,5,466,0,0,0,1,24,413,4,390,0,0,0,1,18,83,1,76,0,0,0,0,6,333,228,105,0,0,0,0,0,0,0,0,0,0
30071,MT,Phillips County,4217,112,3560,13,332,18,0,182,3235,68,2813,9,218,16,0,111,982,44,747,4,114,2,0,71,2229,1770,459,157,53,0,0,53,0,104,0,0,104
30075,MT,Powder River County,1694,35,1561,10,31,1,0,56,1379,23,1299,4,23,0,0,30,315,12,262,6,8,1,0,26,971,749,222,23,23,0,0,23,0,0,0,0,0
30077,MT,Powell County,6946,161,6082,68,402,25,3,205,5921,102,5216,65,384,20,0,134,1025,59,866,3,18,5,3,71,2900,2374,526,1654,1654,1614,0,40,0,0,0,0,0
30079,MT,Prairie County,1088,33,991,2,13,10,0,39,883,19,824,2,9,10,0,19,205,14,167,0,4,0,0,20,671,498,173,13,13,0,0,13,0,0,0,0,0
30081,MT,Ravalli County,44174,1584,40431,171,327,277,31,1353,35657,1024,33098,138,248,235,22,892,8517,560,7333,33,79,42,9,461,21062,18750,2312,459,182,33,12,137,0,277,0,0,277
30083,MT,Richland County,11491,605,10058,72,167,129,5,455,8679,376,7765,55,117,94,5,267,2812,229,2293,17,50,35,0,188,5566,4827,739,66,55,0,0,55,0,11,0,0,11
30085,MT,Roosevelt County,10794,239,3644,39,6156,49,0,667,7460,147,2929,22,3914,44,0,404,3334,92,715,17,2242,5,0,263,4065,3610,455,270,229,87,18,124,0,41,0,0,41
30087,MT,Rosebud County,8329,234,4819,27,2908,35,2,304,6076,130,3892,11,1831,28,0,184,2253,104,927,16,1077,7,2,120,3780,3145,635,75,50,7,1,42,0,25,0,0,25
30089,MT,Sanders County,12400,346,10995,42,442,64,3,508,10214,227,9188,37,349,48,3,362,2186,119,1807,5,93,16,0,146,6800,5533,1267,180,129,18,54,57,0,51,0,0,51
30091,MT,Sheridan County,3539,107,3214,15,63,13,0,127,2786,61,2598,9,39,10,0,69,753,46,616,6,24,3,0,58,2128,1631,497,64,37,0,0,37,0,27,0,0,27
30093,MT,Silver Bow County,35133,1638,31554,163,482,231,21,1044,28121,1080,25640,125,399,195,16,666,7012,558,5914,38,83,36,5,378,17247,15450,1797,1020,373,100,11,261,1,647,326,0,321
30095,MT,Stillwater County,8963,269,8329,21,85,26,0,233,7095,177,6687,10,54,24,0,143,1868,92,1642,11,31,2,0,90,4659,3777,882,110,52,0,0,52,0,58,0,0,58
30097,MT,Sweet Grass County,3678,98,3416,10,24,16,3,111,2923,64,2749,8,13,14,1,74,755,34,667,2,11,2,2,37,1949,1594,355,32,32,0,0,32,0,0,0,0,0
30099,MT,Teton County,6226,85,5739,28,101,19,6,248,4768,50,4448,18,81,18,3,150,1458,35,1291,10,20,1,3,98,2935,2490,445,261,53,0,0,53,0,208,0,0,208
30101,MT,Toole County,4971,178,4220,37,338,38,0,160,3971,119,3390,32,308,29,0,93,1000,59,830,5,30,9,0,67,2320,1748,572,984,751,702,0,49,0,233,0,0,233
30103,MT,Treasure County,762,31,691,1,15,4,1,19,581,25,536,1,7,4,0,8,181,6,155,0,8,0,1,11,448,349,99,0,0,0,0,0,0,0,0,0,0
30105,MT,Valley County,7578,174,6411,25,674,22,0,272,5821,108,5083,21,425,20,0,164,1757,66,1328,4,249,2,0,108,4229,3221,1008,155,132,22,13,97,0,23,0,0,23
30107,MT,Wheatland County,2069,68,1897,5,11,4,0,84,1610,22,1520,2,4,4,0,58,459,46,377,3,7,0,0,26,1114,799,315,398,21,5,0,16,0,377,0,0,377
30109,MT,Wibaux County,937,27,875,4,7,6,2,16,730,18,695,4,7,0,2,4,207,9,180,0,0,6,0,12,518,405,113,27,27,0,0,27,0,0,0,0,0
30111,MT,Yellowstone County,164731,10115,138665,1337,6563,1343,216,6492,126567,6268,110095,966,4336,1088,153,3661,38164,3847,28570,371,2227,255,63,2831,71804,67578,4226,3940,2421,962,248,1165,46,1519,790,0,729
13001,GA,Appling County,18444,1825,12717,3347,33,126,1,395,13958,1118,10074,2428,31,107,1,199,4486,707,2643,919,2,19,0,196,8496,7135,1361,398,392,270,43,79,0,6,0,0,6
13003,GA,Atkinson County,8286,2048,4828,1212,30,14,4,150,6129,1282,3802,906,27,12,3,97,2157,766,1026,306,3,2,1,53,3470,3064,406,14,14,14,0,0,0,0,0,0,0
13005,GA,Bacon County,11140,875,8155,1758,4,43,4,301,8310,547,6408,1162,4,35,4,150,2830,328,1747,596,0,8,0,151,4807,4251,556,267,257,186,0,71,0,10,0,0,10
13007,GA,Baker County,2876,143,1521,1138,1,18,0,55,2275,77,1239,908,0,18,0,33,601,66,282,230,1,0,0,22,1447,1187,260,0,0,0,0,0,0,0,0,0,0
13011,GA,Banks County,18035,1164,15677,407,54,192,8,533,13900,721,12353,321,46,158,5,296,4135,443,3324,86,8,34,3,237,7211,6652,559,0,0,0,0,0,0,0,0,0,0
13013,GA,Barrow County,83505,10560,56246,10315,140,3287,24,2933,62195,6726,43675,7557,107,2413,19,1698,21310,3834,12571,2758,33,874,5,1235,30019,28727,1292,494,392,235,0,141,16,102,0,0,102
13017,GA,Ben Hill County,17194,1054,9276,6239,58,121,2,444,13165,653,7499,4598,45,94,2,274,4029,401,1777,1641,13,27,0,170,8124,7074,1050,281,249,77,0,172,0,32,0,0,32
13021,GA,Bibb County,157346,6737,57496,85595,296,3303,46,3873,120902,4734,48458,62398,237,2629,40,2406,36444,2003,9038,23197,59,674,6,1467,71901,62762,9139,6170,3512,2125,209,1178,0,2658,2074,0,584
13023,GA,Bleckley County,12583,469,8910,2802,11,156,9,226,9613,311,7060,1988,11,129,6,108,2970,158,1850,814,0,27,3,118,5176,4547,629,1172,319,207,0,112,0,853,853,0,0
13027,GA,Brooks County,16301,955,9131,5701,24,72,6,412,12747,635,7539,4235,24,62,0,252,3554,320,1592,1466,0,10,6,160,7280,6359,921,377,237,25,0,212,0,140,0,0,140
13029,GA,Bryan County,44738,3269,31725,6415,104,1060,54,2111,31828,1919,23295,4564,92,764,37,1157,12910,1350,8430,1851,12,296,17,954,16703,15445,1258,165,82,0,0,82,0,83,0,0,83
13033,GA,Burke County,24596,777,12038,10985,46,107,12,631,18778,494,9636,8127,40,80,9,392,5818,283,2402,2858,6,27,3,239,11138,9905,1233,224,224,101,0,123,0,0,0,0,0
13035,GA,Butts County,25434,803,16813,6861,41,121,10,785,20360,559,13658,5537,40,102,7,457,5074,244,3155,1324,1,19,3,328,9437,8460,977,2900,2884,2680,0,204,0,16,0,0,16
13039,GA,Camden County,54768,3658,37711,9635,189,890,69,2616,41808,2457,29747,7227,136,719,54,1468,12960,1201,7964,2408,53,171,15,1148,22541,20374,2167,2190,91,0,19,72,0,2099,0,2067,32
13045,GA,Carroll County,119148,9586,81633,21989,281,1164,25,4470,90996,6129,64461,16646,214,886,24,2636,28152,3457,17172,5343,67,278,1,1834,46239,42859,3380,3340,933,541,10,382,0,2407,2320,0,87
13047,GA,Catoosa County,67872,2341,59741,1855,183,1039,85,2628,52448,1492,46913,1380,148,769,64,1682,15424,849,12828,475,35,270,21,946,27971,26300,1671,391,377,142,0,235,0,14,9,0,5
13051,GA,Chatham County,295291,23790,141558,108722,644,10803,418,9356,234715,16551,120788,81386,543,9154,308,5985,60576,7239,20770,27336,101,1649,110,3371,134146,118480,15666,13979,5159,3336,194,1492,137,8820,7276,597,947
13053,GA,Chattahoochee County,9565,1610,5469,1529,36,311,106,504,7199,1160,4254,1136,29,265,65,290,2366,450,1215,393,7,46,41,214,3242,2625,617,2198,0,0,0,0,0,2198,0,2198,0
13057,GA,Cherokee County,266620,32111,200915,17873,528,5616,110,9467,202928,20915,158218,13212,409,4343,91,5740,63692,11196,42697,4661,119,1273,19,3727,100813,95916,4897,2255,1149,483,43,623,0,1106,606,0,500
13059,GA,Clarke County,128671,14336,73359,31714,311,5047,80,3824,106830,10213,65426,23593,260,4504,63,2771,21841,4123,7933,8121,51,543,17,1053,55802,51641,4161,10078,685,191,9,485,0,9393,9085,0,308
13063,GA,Clayton County,297595,42546,27247,206668,640,13723,132,6639,220578,27378,24350,153066,480,11030,101,4173,77017,15168,2897,53602,160,2693,31,2466,114038,106200,7838,3248,2455,1827,88,540,0,793,484,0,309
13067,GA,Cobb County,766149,111240,380161,203455,1416,43545,352,25980,591848,74505,311335,155338,1128,33594,265,15683,174301,36735,68826,48117,288,9951,87,10297,308504,291639,16865,9734,3827,1238,203,2226,160,5907,5373,0,534
13069,GA,Coffee County,43092,5430,24347,11907,63,308,14,1023,32419,3324,19278,8913,51,250,14,589,10673,2106,5069,2994,12,58,0,434,17331,15277,2054,3094,2823,2668,0,155,0,271,191,0,80
13073,GA,Columbia County,156010,11858,100494,28001,365,7226,285,7781,114823,7355,76960,20320,283,5594,185,4126,41187,4503,23534,7681,82,1632,100,3655,58640,55449,3191,1223,1004,227,0,777,0,219,0,0,219
13075,GA,Cook County,17229,1134,10734,4774,30,106,4,447,12938,704,8364,3486,22,80,4,278,4291,430,2370,1288,8,26,0,169,7258,6432,826,253,201,66,0,135,0,52,0,0,52
13079,GA,Crawford County,12130,415,8954,2278,46,36,3,398,9606,287,7134,1849,45,33,0,258,2524,128,1820,429,1,3,3,140,5154,4679,475,157,119,29,0,90,0,38,0,0,38
13081,GA,Crisp County,20128,634,9965,8848,19,187,4,471,15570,414,8294,6420,16,146,4,276,4558,220,1671,2428,3,41,0,195,9854,8346,1508,402,400,247,37,116,0,2,0,0,2
13085,GA,Dawson County,26798,1605,23751,228,64,249,15,886,21441,1047,19341,169,56,204,14,610,5357,558,4410,59,8,45,1,276,11926,10313,1613,108,82,82,0,0,0,26,0,0,26
13089,GA,DeKalb County,764382,81471,221533,388190,1247,50928,252,20761,595276,55506,184154,301724,935,39397,205,13355,169106,25965,37379,86466,312,11531,47,7406,326101,302243,23858,10887,4431,1983,297,2133,18,6456,5345,0,1111
13091,GA,Dodge County,19925,620,12921,5865,21,100,8,390,15709,406,10393,4605,21,73,8,203,4216,214,2528,1260,0,27,0,187,8533,7507,1026,1687,1547,1269,85,193,0,140,109,0,31
13095,GA,Dougherty County,85790,2413,20915,59898,133,673,21,1737,66266,1591,18119,44708,121,563,18,1146,19524,822,2796,15190,12,110,3,591,40560,35252,5308,3227,830,470,8,352,0,2397,1984,98,315
13097,GA,Douglas County,144237,16035,50983,69394,348,2435,107,4935,108428,10212,42161,50856,277,1949,80,2893,35809,5823,8822,18538,71,486,27,2042,53885,51024,2861,864,800,474,112,209,5,64,0,0,64
13101,GA,Echols County,3697,1091,2333,147,37,8,2,79,2709,667,1861,103,32,2,2,42,988,424,472,44,5,6,0,37,1531,1286,245,0,0,0,0,0,0,0,0,0,0
13105,GA,Elbert County,19637,996,12701,5268,30,188,3,451,15493,660,10388,3988,27,144,1,285,4144,336,2313,1280,3,44,2,166,9248,8016,1232,217,217,29,0,188,0,0,0,0,0
31133,NE,Pawnee County,2544,39,2457,5,7,0,1,35,1985,23,1923,1,7,0,1,30,559,16,534,4,0,0,0,5,1402,1108,294,33,33,0,0,33,0,0,0,0,0
31135,NE,Perkins County,2858,146,2637,10,3,5,3,54,2128,79,2004,5,1,1,3,35,730,67,633,5,2,4,0,19,1345,1172,173,28,28,0,0,28,0,0,0,0,0
31137,NE,Phelps County,8968,551,8181,40,20,31,1,144,6841,300,6386,22,18,18,1,96,2127,251,1795,18,2,13,0,48,4149,3706,443,223,223,25,0,198,0,0,0,0,0
31139,NE,Pierce County,7317,142,6999,33,17,14,2,110,5474,75,5296,17,8,13,2,63,1843,67,1703,16,9,1,0,47,3118,2887,231,92,92,6,0,86,0,0,0,0,0
31141,NE,Platte County,34296,7252,25876,372,99,209,10,478,25294,4607,19966,240,62,156,5,258,9002,2645,5910,132,37,53,5,220,14094,13313,781,349,315,66,0,249,0,34,0,0,34
31143,NE,Polk County,5214,259,4834,10,14,3,1,93,4042,165,3800,4,10,3,0,60,1172,94,1034,6,4,0,1,33,2524,2146,378,91,91,2,0,89,0,0,0,0,0
31145,NE,Red Willow County,10702,687,9630,115,37,41,12,180,8292,425,7586,97,34,38,12,100,2410,262,2044,18,3,3,0,80,5157,4532,625,315,287,197,0,90,0,28,12,0,16
31147,NE,Richardson County,7871,155,7146,18,223,36,0,293,6171,95,5708,16,145,32,0,175,1700,60,1438,2,78,4,0,118,4083,3460,623,149,148,16,0,132,0,1,0,0,1
31149,NE,Rock County,1262,20,1227,3,1,1,0,10,1016,14,993,3,1,1,0,4,246,6,234,0,0,0,0,6,795,583,212,14,14,0,0,14,0,0,0,0,0
31151,NE,Saline County,14292,4067,9453,136,43,280,46,267,10484,2439,7535,102,29,221,18,140,3808,1628,1918,34,14,59,28,127,5714,5222,492,510,208,64,0,144,0,302,200,0,102
31153,NE,Sarpy County,190604,20055,149380,7528,564,4833,231,8013,138196,12140,112276,5364,425,3748,164,4079,52408,7915,37104,2164,139,1085,67,3934,73081,70173,2908,1354,703,123,27,553,0,651,295,219,137
31155,NE,Saunders County,22278,585,20953,96,78,94,5,467,16618,338,15842,59,53,64,0,262,5660,247,5111,37,25,30,5,205,9987,8667,1320,306,251,63,0,188,0,55,0,0,55
31157,NE,Scotts Bluff County,36084,8203,26111,260,467,296,27,720,27369,5239,20910,201,332,231,26,430,8715,2964,5201,59,135,65,1,290,16494,14689,1805,935,691,225,13,453,0,244,142,0,102
31159,NE,Seward County,17609,496,16506,113,45,62,6,381,13416,298,12727,84,38,49,0,220,4193,198,3779,29,7,13,6,161,7061,6558,503,1212,192,26,17,149,0,1020,1020,0,0
31161,NE,Sheridan County,5127,222,4129,17,522,30,2,205,3961,133,3339,8,346,23,2,110,1166,89,790,9,176,7,0,95,2699,2163,536,147,113,13,0,100,0,34,0,0,34
31163,NE,Sherman County,2959,82,2803,0,16,5,2,51,2326,47,2234,0,16,1,2,26,633,35,569,0,0,4,0,25,1789,1305,484,55,55,0,0,55,0,0,0,0,0
31165,NE,Sioux County,1135,43,1059,1,2,4,2,24,905,25,857,1,2,4,2,14,230,18,202,0,0,0,0,10,705,515,190,0,0,0,0,0,0,0,0,0,0
31167,NE,Stanton County,5842,352,5261,25,27,19,7,151,4335,195,4010,20,15,12,0,83,1507,157,1251,5,12,7,7,68,2460,2239,221,78,69,0,0,69,0,9,0,0,9
31169,NE,Thayer County,5034,136,4786,14,9,10,5,74,3880,63,3739,11,9,10,5,43,1154,73,1047,3,0,0,0,31,2498,2143,355,99,72,0,0,72,0,27,0,0,27
31171,NE,Thomas County,669,29,626,0,3,0,0,11,524,19,494,0,3,0,0,8,145,10,132,0,0,0,0,3,379,305,74,0,0,0,0,0,0,0,0,0,0
31173,NE,Thurston County,6773,260,2467,28,3897,11,4,106,4510,145,1984,28,2269,10,4,70,2263,115,483,0,1628,1,0,36,2283,2068,215,154,98,31,0,67,0,56,20,0,36
31177,NE,Washington County,20865,619,19513,83,26,105,1,518,15807,348,15015,66,20,73,1,284,5058,271,4498,17,6,32,0,234,8577,8115,462,169,169,8,0,161,0,0,0,0,0
31181,NE,Webster County,3395,148,3130,15,17,11,0,74,2631,73,2470,15,15,11,0,47,764,75,660,0,2,0,0,27,1788,1454,334,65,65,0,0,65,0,0,0,0,0
31183,NE,Wheeler County,774,20,741,0,2,0,0,11,608,10,594,0,0,0,0,4,166,10,147,0,2,0,0,7,503,343,160,0,0,0,0,0,0,0,0,0,0
32001,NV,Churchill County,25516,3586,18268,469,1008,658,88,1439,19781,2270,14814,389,785,557,72,894,5735,1316,3454,80,223,101,16,545,10772,10017,755,449,215,69,12,134,0,234,0,157,77
32003,NV,Clark County,2265461,701416,912793,281067,8761,233949,19060,108415,1751240,482343,774091,210097,7198,197103,14349,66059,514221,219073,138702,70970,1563,36846,4711,42356,917656,845888,71768,19950,15225,11232,299,3424,270,4725,904,567,3254
32007,NV,Elko County,53702,13592,34774,556,2383,587,86,1724,38408,8569,26158,404,1743,450,64,1020,15294,5023,8616,152,640,137,22,704,21770,19631,2139,655,500,367,36,97,0,155,44,0,111
32009,NV,Esmeralda County,729,139,522,4,20,6,0,38,596,108,450,1,16,4,0,17,133,31,72,3,4,2,0,21,537,365,172,1,1,1,0,0,0,0,0,0,0
32013,NV,Humboldt County,17285,4511,11274,186,582,180,27,525,12756,2865,8863,141,401,145,18,323,4529,1646,2411,45,181,35,9,202,7658,6575,1083,178,166,129,0,37,0,12,0,0,12
32015,NV,Lander County,5734,1256,4047,13,206,35,10,167,4280,859,3088,12,166,30,5,120,1454,397,959,1,40,5,5,47,2798,2292,506,45,19,0,0,19,0,26,0,0,26
32019,NV,Lyon County,59235,10339,43268,563,1086,951,175,2853,46118,6747,35358,429,835,787,142,1820,13117,3592,7910,134,251,164,33,1033,24401,22704,1697,294,162,55,68,39,0,132,0,0,132
32021,NV,Mineral County,4554,508,2893,165,711,68,8,201,3631,343,2442,135,525,60,8,118,923,165,451,30,186,8,0,83,2586,2102,484,71,50,30,0,0,20,21,0,0,21
32027,NV,Pershing County,6650,1499,4257,329,198,111,8,248,5415,1116,3571,313,152,109,7,147,1235,383,686,16,46,2,1,101,2278,1929,349,1733,1733,1708,0,25,0,0,0,0,0
32029,NV,Storey County,4104,340,3411,32,43,71,8,199,3485,231,2963,27,42,65,6,151,619,109,448,5,1,6,2,48,1987,1807,180,0,0,0,0,0,0,0,0,0,0
32033,NV,White Pine County,9080,1457,6438,448,358,107,22,250,7177,1062,5157,431,270,101,16,140,1903,395,1281,17,88,6,6,110,4137,3351,786,1076,1076,1042,0,34,0,0,0,0,0
32510,NV,Carson City,58639,14870,37787,1153,1075,1390,113,2251,47400,10133,32594,1042,861,1195,93,1482,11239,4737,5193,111,214,195,20,769,24564,23419,1145,3407,3189,2775,18,396,0,218,0,0,218
33003,NH,Carroll County,50107,769,47522,182,102,384,7,1141,42566,535,40714,137,90,304,7,779,7541,234,6808,45,12,80,0,362,39670,22667,17003,558,340,41,0,299,0,218,0,0,218
33005,NH,Cheshire County,76458,1802,70293,733,150,1110,48,2322,62705,1246,58339,595,126,869,34,1496,13753,556,11954,138,24,241,14,826,35612,31372,4240,4107,694,99,0,595,0,3413,2970,0,443
33009,NH,Grafton County,91118,2579,81619,897,186,2896,27,2914,76702,1906,69387,709,168,2450,23,2059,14416,673,12232,188,18,446,4,855,50840,37683,13157,7432,947,75,83,789,0,6485,5920,0,565
33011,NH,Hillsborough County,422937,33498,348948,10858,666,16747,130,12090,338264,22161,287484,7720,517,12867,107,7408,84673,11337,61464,3138,149,3880,23,4682,175571,167875,7696,8354,3186,334,168,2626,58,5168,3402,0,1766
33015,NH,Rockingham County,314176,10257,287240,2469,359,6388,93,7370,254087,6710,235457,1911,304,5051,72,4582,60089,3547,51783,558,55,1337,21,2788,135338,125787,9551,2361,1701,163,9,1529,0,660,134,0,526
33017,NH,Strafford County,130889,3914,116395,1551,260,4522,44,4203,107455,2807,96726,1257,232,3620,35,2778,23434,1107,19669,294,28,902,9,1425,55706,51454,4252,8574,1488,333,55,1076,24,7086,6794,0,292
22001,LA,Acadia Parish,57576,1641,44359,9995,146,177,5,1253,42943,1026,34013,7047,103,137,2,615,14633,615,10346,2948,43,40,3,638,24840,22029,2811,699,567,49,38,480,0,132,0,0,132
22003,LA,Allen Parish,22750,1893,15278,4049,526,190,7,807,17510,1755,11731,3099,381,148,7,389,5240,138,3547,950,145,42,0,418,9484,7851,1633,2810,2810,2747,7,56,0,0,0,0,0
22007,LA,Assumption Parish,21039,914,13650,5977,83,58,1,356,16616,631,11087,4589,75,45,1,188,4423,283,2563,1388,8,13,0,168,9935,8409,1526,160,148,85,0,63,0,12,0,0,12
22009,LA,Avoyelles Parish,39693,1485,25443,10695,351,362,7,1350,30578,1257,20129,7798,250,330,4,810,9115,228,5314,2897,101,32,3,540,18126,15181,2945,2797,2721,2101,23,597,0,76,0,0,76
22013,LA,Bienville Parish,12981,211,6968,5275,61,22,5,439,10073,141,5508,4084,46,12,0,282,2908,70,1460,1191,15,10,5,157,6816,5459,1357,318,309,35,0,274,0,9,0,0,9
22015,LA,Bossier Parish,128746,10237,80066,30108,584,2401,121,5229,95876,6619,62374,21377,464,1880,90,3072,32870,3618,17692,8731,120,521,31,2157,55237,50092,5145,2174,1661,979,19,663,0,513,0,316,197
22019,LA,Calcasieu Parish,216785,11384,138690,55503,919,3908,146,6235,163166,7570,108217,39944,674,2986,110,3665,53619,3814,30473,15559,245,922,36,2570,93232,83865,9367,2616,2097,1018,62,829,188,519,357,0,162
22021,LA,Caldwell Parish,9645,221,7609,1530,22,43,3,217,7478,163,5946,1190,10,42,3,124,2167,58,1663,340,12,1,0,93,4583,3752,831,726,709,586,46,77,0,17,0,0,17
22025,LA,Catahoula Parish,8906,614,5778,2290,34,27,7,156,6951,558,4562,1677,18,23,5,108,1955,56,1216,613,16,4,2,48,4412,3505,907,493,493,493,0,0,0,0,0,0,0
22027,LA,Claiborne Parish,14170,479,7117,6147,46,44,0,337,11507,403,6116,4711,36,34,0,207,2663,76,1001,1436,10,10,0,130,6775,5498,1277,1805,1795,1635,0,160,0,10,0,0,10
22031,LA,De Soto Parish,26812,762,15315,9624,243,109,1,758,20440,495,11931,7287,184,77,1,465,6372,267,3384,2337,59,32,0,293,12355,10689,1666,297,270,89,0,181,0,27,0,0,27
22033,LA,East Baton Rouge Parish,456781,30551,194084,206553,800,14599,115,10079,355612,21539,162475,152665,638,11529,102,6664,101169,9012,31609,53888,162,3070,13,3415,204359,181478,22881,17336,4238,2008,119,2111,0,13098,11082,0,2016
22037,LA,East Feliciana Parish,19539,391,11511,7121,60,53,9,394,16183,317,9727,5776,47,46,6,264,3356,74,1784,1345,13,7,3,130,8063,6886,1177,2827,2438,1750,0,363,325,389,0,0,389
22039,LA,Evangeline Parish,32350,1336,21312,8669,48,193,3,789,24408,1111,16448,6215,44,167,2,421,7942,225,4864,2454,4,26,1,368,14416,12728,1688,1439,1401,967,0,434,0,38,0,0,38
22043,LA,Grant Parish,22169,1333,16829,3093,193,73,6,642,17527,1179,13088,2604,166,70,6,414,4642,154,3741,489,27,3,0,228,8971,7823,1148,2940,2933,2778,0,155,0,7,0,0,7
22045,LA,Iberia Parish,69929,3897,38905,23160,250,1959,4,1754,52791,2657,31106,16485,171,1483,4,885,17138,1240,7799,6675,79,476,0,869,30924,27016,3908,669,581,374,0,207,0,88,0,0,88
22049,LA,Jackson Parish,15031,468,10022,3955,34,148,5,399,11783,372,8008,3020,30,128,5,220,3248,96,2014,935,4,20,0,179,7182,6064,1118,681,674,499,0,175,0,7,0,0,7
56015,WY,Goshen County,12498,1212,10830,87,83,51,0,235,10005,842,8833,80,68,39,0,143,2493,370,1997,7,15,12,0,92,5853,5057,796,1075,759,601,43,115,0,316,289,0,27
56019,WY,Johnson County,8447,347,7784,33,69,20,7,187,6680,223,6224,20,50,17,6,140,1767,124,1560,13,19,3,1,47,4598,3718,880,148,72,19,0,53,0,76,0,0,76
56021,WY,Laramie County,100512,15602,76632,2357,602,1295,139,3885,77134,10266,61005,1851,474,1056,112,2370,23378,5336,15627,506,128,239,27,1515,44181,41433,2748,1511,656,258,25,358,15,855,53,596,206
56023,WY,Lincoln County,19581,959,17947,58,102,107,22,386,14460,620,13403,37,73,82,17,228,5121,339,4544,21,29,25,5,158,9489,7545,1944,73,42,0,0,42,0,31,0,0,31
56027,WY,Niobrara County,2467,76,2287,6,27,12,5,54,2033,56,1906,5,27,6,5,28,434,20,381,1,0,6,0,26,1322,1024,298,296,296,277,0,19,0,0,0,0,0
56029,WY,Park County,29624,1697,26682,101,124,227,18,775,23541,1106,21556,75,108,183,10,503,6083,591,5126,26,16,44,8,272,14523,12679,1844,627,231,0,8,177,46,396,338,0,58
56033,WY,Sheridan County,30921,1416,27956,141,329,196,18,865,24303,891,22295,109,243,164,18,583,6618,525,5661,32,86,32,0,282,14884,13349,1535,797,304,0,87,217,0,493,340,0,153
56035,WY,Sublette County,8728,636,7768,28,49,54,10,183,6609,386,5992,25,31,41,10,124,2119,250,1776,3,18,13,0,59,5167,3606,1561,57,25,0,0,25,0,32,0,0,32
56039,WY,Teton County,23331,3295,19108,74,68,322,4,460,18755,2166,15926,64,57,261,3,278,4576,1129,3182,10,11,61,1,182,13233,9609,3624,298,81,0,15,66,0,217,70,0,147
56041,WY,Uinta County,20450,1986,17622,69,123,116,27,507,14627,1215,12874,42,92,85,21,298,5823,771,4748,27,31,31,6,209,8798,7733,1065,224,162,67,0,62,33,62,0,0,62
56045,WY,Weston County,6838,295,6181,36,92,32,9,193,5388,213,4932,28,75,26,4,110,1450,82,1249,8,17,6,5,83,3406,2796,610,509,509,442,0,67,0,0,0,0,0
13107,GA,Emanuel County,22768,993,13877,7275,33,145,2,443,17320,589,11050,5292,30,100,2,257,5448,404,2827,1983,3,45,0,186,9962,8644,1318,1148,1053,842,0,211,0,95,0,0,95
13111,GA,Fannin County,25319,753,23523,101,86,119,3,734,21188,505,19869,77,73,96,3,565,4131,248,3654,24,13,23,0,169,17643,11189,6454,129,113,32,0,81,0,16,0,0,16
13113,GA,Fayette County,119194,9480,69288,29583,229,6472,49,4093,91798,6168,55859,22455,170,4752,34,2360,27396,3312,13429,7128,59,1720,15,1733,45202,42886,2316,622,526,133,21,372,0,96,0,0,96
13117,GA,Forsyth County,251283,25226,162223,10905,482,45346,96,7005,181193,16204,123852,7638,272,29231,71,3925,70090,9022,38371,3267,210,16115,25,3080,87581,83551,4030,1310,1021,349,17,564,91,289,0,0,289
13121,GA,Fulton County,1066710,86302,414043,452561,1688,81599,438,30079,847182,61914,347430,351661,1314,64096,366,20401,219528,24388,66613,100900,374,17503,72,9678,494006,448577,45429,34119,11158,7475,177,3506,0,22961,18414,0,4547
13123,GA,Gilmer County,31353,3599,26559,160,63,141,0,831,25417,2158,22348,117,58,125,0,611,5936,1441,4211,43,5,16,0,220,17717,12832,4885,204,165,74,0,91,0,39,0,0,39
13127,GA,Glynn County,84499,6336,53576,20639,181,1216,99,2452,66468,4116,44724,14950,144,962,64,1508,18031,2220,8852,5689,37,254,35,944,42156,34339,7817,2346,1915,358,51,1503,3,431,68,0,363
13129,GA,Gordon County,57544,8957,43676,2136,126,735,18,1896,43500,5592,34348,1636,104,565,16,1239,14044,3365,9328,500,22,170,2,657,22736,21210,1526,491,476,218,0,258,0,15,0,0,15
13133,GA,Greene County,18915,1289,11237,5800,29,180,2,378,15358,826,9767,4361,27,139,0,238,3557,463,1470,1439,2,41,2,140,10087,7874,2213,95,83,0,0,83,0,12,0,0,12
13135,GA,Gwinnett County,957062,220460,317773,260987,1638,127651,472,28081,709484,146659,256835,188382,1211,99972,349,16076,247578,73801,60938,72605,427,27679,123,12005,330569,316708,13861,6115,4248,2739,0,1509,0,1867,803,0,1064
13139,GA,Hall County,203136,57010,121759,14518,353,4293,89,5114,153844,36146,99752,10986,281,3373,67,3239,49292,20864,22007,3532,72,920,22,1875,76865,71022,5843,2616,1206,660,63,483,0,1410,369,0,1041
13143,GA,Haralson County,29919,497,27004,1286,57,195,10,870,22854,323,20752,1023,49,154,5,548,7065,174,6252,263,8,41,5,322,12292,11307,985,154,127,0,8,119,0,27,0,0,27
13145,GA,Harris County,34668,1417,26200,5243,104,406,22,1276,26799,908,20494,4215,75,338,22,747,7869,509,5706,1028,29,68,0,529,14212,12770,1442,471,297,175,20,102,0,174,0,146,28
13147,GA,Hart County,25828,931,19387,4351,37,344,4,774,20436,578,15852,3298,28,256,2,422,5392,353,3535,1053,9,88,2,352,12763,10388,2375,671,671,464,0,207,0,0,0,0,0
13149,GA,Heard County,11412,253,9658,946,36,57,4,458,8698,153,7444,759,21,50,4,267,2714,100,2214,187,15,7,0,191,4742,4278,464,101,101,26,0,64,11,0,0,0,0
13151,GA,Henry County,240712,18437,87944,117617,456,8214,129,7915,179973,12030,70874,85677,364,6266,105,4657,60739,6407,17070,31940,92,1948,24,3258,86594,82794,3800,678,533,317,0,216,0,145,0,0,145
13153,GA,Houston County,163633,11807,87368,52312,352,5006,128,6660,122118,7530,68813,37715,282,3954,93,3731,41515,4277,18555,14597,70,1052,35,2929,66633,62115,4518,1564,1009,482,21,506,0,555,0,302,253
13155,GA,Irwin County,9666,663,6430,2231,15,122,1,204,7547,545,5072,1663,9,115,0,143,2119,118,1358,568,6,7,1,61,4158,3617,541,781,769,687,0,82,0,12,0,0,12
13157,GA,Jackson County,75907,6712,59592,5228,131,1776,32,2436,56451,4261,45384,3894,113,1344,31,1424,19456,2451,14208,1334,18,432,1,1012,27699,26174,1525,604,491,242,0,249,0,113,0,0,113
13159,GA,Jasper County,14588,684,10868,2457,35,37,1,506,11118,402,8468,1899,29,26,0,294,3470,282,2400,558,6,11,1,212,6270,5412,858,83,83,13,0,70,0,0,0,0,0
13161,GA,Jeff Davis County,14779,2047,10018,2309,26,54,8,317,10856,1233,7689,1675,23,46,6,184,3923,814,2329,634,3,8,2,133,6351,5560,791,112,45,45,0,0,0,67,0,0,67
13163,GA,Jefferson County,15709,462,6879,7978,21,73,0,296,12301,280,5571,6190,21,62,0,177,3408,182,1308,1788,0,11,0,119,7148,6170,978,535,487,287,0,200,0,48,0,0,48
13165,GA,Jenkins County,8674,303,4635,3549,34,18,5,130,7005,194,3890,2790,21,17,5,88,1669,109,745,759,13,1,0,42,4066,3245,821,1116,1116,1052,0,64,0,0,0,0,0
13167,GA,Johnson County,9189,117,5813,3022,24,35,15,163,7474,82,4796,2453,10,28,5,100,1715,35,1017,569,14,7,10,63,3542,3100,442,1689,1689,1535,0,154,0,0,0,0,0
13169,GA,Jones County,28347,476,20205,6763,47,146,7,703,21575,302,15516,5200,40,117,2,398,6772,174,4689,1563,7,29,5,305,11584,10623,961,295,275,127,0,148,0,20,0,0,20
13171,GA,Lamar County,18500,475,12433,4902,14,107,4,565,14541,323,9913,3873,13,94,4,321,3959,152,2520,1029,1,13,0,244,7561,6897,664,980,153,40,0,113,0,827,784,0,43
13173,GA,Lanier County,9877,572,6690,2153,33,85,14,330,7326,370,5081,1589,22,72,9,183,2551,202,1609,564,11,13,5,147,4069,3570,499,273,260,196,0,64,0,13,0,0,13
13175,GA,Laurens County,49570,1424,28048,18296,84,527,16,1175,37734,923,22348,13243,64,416,16,724,11836,501,5700,5053,20,111,0,451,21924,19501,2423,923,743,132,12,599,0,180,0,0,180
13177,GA,Lee County,33163,953,22969,7364,70,863,13,931,24676,603,17488,5356,57,625,12,535,8487,350,5481,2008,13,238,1,396,12709,11971,738,968,817,762,0,55,0,151,0,0,151
13179,GA,Liberty County,65256,7786,24499,27549,229,1365,460,3368,48014,5231,19394,19911,175,1158,317,1828,17242,2555,5105,7638,54,207,143,1540,26564,23413,3151,3132,325,183,34,108,0,2807,0,2766,41
13181,GA,Lincoln County,7690,92,5225,2118,18,21,9,207,6270,54,4335,1675,17,21,9,159,1420,38,890,443,1,0,0,48,4389,3245,1144,72,51,51,0,0,0,21,0,0,21
13183,GA,Long County,16168,1979,8911,4070,63,174,89,882,11234,1227,6508,2832,48,134,57,428,4934,752,2403,1238,15,40,32,454,6180,5492,688,322,322,216,0,106,0,0,0,0,0
13187,GA,Lumpkin County,33488,1790,29527,445,153,271,24,1278,27689,1345,24657,385,137,244,20,901,5799,445,4870,60,16,27,4,377,13006,11676,1330,4013,227,44,0,183,0,3786,3612,41,133
13191,GA,McIntosh County,10975,231,7120,3193,32,49,0,350,9040,166,6040,2541,28,37,0,228,1935,65,1080,652,4,12,0,122,6615,4681,1934,44,44,44,0,0,0,0,0,0,0
13193,GA,Macon County,12082,472,4108,7155,15,163,7,162,9938,322,3403,5945,15,137,7,109,2144,150,705,1210,0,26,0,53,5109,4299,810,1879,1879,1628,0,251,0,0,0,0,0
13197,GA,Marion County,7498,560,4508,2127,12,56,16,219,5854,337,3658,1640,11,45,11,152,1644,223,850,487,1,11,5,67,3497,2969,528,104,92,22,0,70,0,12,0,0,12
13199,GA,Meriwether County,20613,475,12180,7292,65,83,7,511,16526,299,10061,5732,51,70,1,312,4087,176,2119,1560,14,13,6,199,9456,8396,1060,97,94,0,14,80,0,3,0,0,3
13205,GA,Mitchell County,21755,964,10174,10085,39,112,0,381,17065,615,8342,7738,34,93,0,243,4690,349,1832,2347,5,19,0,138,9036,8156,880,1673,1664,1491,0,173,0,9,0,0,9
13209,GA,Montgomery County,8610,571,5699,2128,13,35,0,164,6792,377,4550,1727,8,25,0,105,1818,194,1149,401,5,10,0,59,3740,3157,583,698,385,372,0,13,0,313,313,0,0
13211,GA,Morgan County,20097,712,14582,4127,43,132,1,500,15574,434,11522,3187,38,93,0,300,4523,278,3060,940,5,39,1,200,8318,7534,784,175,165,80,0,85,0,10,0,0,10
13215,GA,Muscogee County,206922,16513,80396,95260,505,5688,523,8037,157052,10894,65543,70642,387,4431,391,4764,49870,5619,14853,24618,118,1257,132,3273,90348,82360,7988,6281,2948,1472,194,1093,189,3333,1276,644,1413
13217,GA,Newton County,112483,7164,47469,52852,187,1139,118,3554,84748,4561,38133,38795,144,893,70,2152,27735,2603,9336,14057,43,246,48,1402,41756,39477,2279,1527,551,232,27,292,0,976,844,0,132
13221,GA,Oglethorpe County,14825,869,10985,2262,41,140,5,523,11639,531,8872,1771,34,80,5,346,3186,338,2113,491,7,60,0,177,6343,5803,540,81,81,16,0,65,0,0,0,0,0
13223,GA,Paulding County,168661,12564,109992,37165,421,2059,123,6337,123998,7974,84108,26316,314,1571,83,3632,44663,4590,25884,10849,107,488,40,2705,59172,56911,2261,690,667,379,0,288,0,23,0,0,23
13227,GA,Pickens County,33216,1198,30363,307,98,202,7,1041,26799,755,24809,250,87,163,7,728,6417,443,5554,57,11,39,0,313,14896,13120,1776,341,225,55,15,155,0,116,0,0,116
13231,GA,Pike County,18889,348,16423,1465,29,84,0,540,14337,207,12502,1186,24,74,0,344,4552,141,3921,279,5,10,0,196,7066,6630,436,243,243,195,0,48,0,0,0,0,0
13233,GA,Polk County,42853,5585,30418,5172,105,256,25,1292,32238,3252,24209,3763,71,197,20,726,10615,2333,6209,1409,34,59,5,566,17274,15999,1275,374,357,131,62,120,44,17,0,0,17
13237,GA,Putnam County,22047,1557,14435,5404,36,116,2,497,17847,1031,12300,4078,35,86,1,316,4200,526,2135,1326,1,30,1,181,13032,9181,3851,176,143,17,0,126,0,33,0,0,33
13239,GA,Quitman County,2235,31,1196,920,14,13,0,61,1870,18,1043,745,14,9,0,41,365,13,153,175,0,4,0,20,1678,998,680,0,0,0,0,0,0,0,0,0,0
13243,GA,Randolph County,6425,143,2273,3868,9,23,3,106,4977,82,1928,2862,9,21,0,75,1448,61,345,1006,0,2,3,31,3438,2690,748,222,74,0,27,47,0,148,148,0,0
13247,GA,Rockdale County,93570,9540,25076,54485,175,1615,76,2603,71503,6089,21870,40424,132,1326,51,1611,22067,3451,3206,14061,43,289,25,992,35427,33114,2313,878,722,220,57,445,0,156,0,0,156
13249,GA,Schley County,4547,175,3369,865,4,22,2,110,3328,103,2528,633,1,16,2,45,1219,72,841,232,3,6,0,65,1961,1753,208,0,0,0,0,0,0,0,0,0,0
13253,GA,Seminole County,9147,228,5656,2967,6,64,0,226,7277,160,4708,2223,6,49,0,131,1870,68,948,744,0,15,0,95,5048,3798,1250,88,83,17,0,66,0,5,0,0,5
13255,GA,Spalding County,67306,3666,37482,23267,158,667,28,2038,52123,2377,30877,16912,130,550,16,1261,15183,1289,6605,6355,28,117,12,777,27785,25726,2059,808,677,388,0,289,0,131,0,0,131
13259,GA,Stewart County,5314,1217,1351,2464,10,170,5,97,4617,1196,1174,2000,8,168,5,66,697,21,177,464,2,2,0,31,2103,1674,429,1569,1569,1499,0,70,0,0,0,0,0
13261,GA,Sumter County,29616,1770,11587,15076,41,510,4,628,23036,1147,9845,11196,28,400,3,417,6580,623,1742,3880,13,110,1,211,13458,11658,1800,1721,714,396,67,251,0,1007,978,0,29
13265,GA,Taliaferro County,1559,69,594,835,4,6,0,51,1289,46,509,701,2,3,0,28,270,23,85,134,2,3,0,23,908,699,209,19,19,0,0,19,0,0,0,0,0
13269,GA,Taylor County,7816,168,4605,2816,27,31,2,167,6120,107,3702,2175,16,21,0,99,1696,61,903,641,11,10,2,68,3894,3249,645,208,122,14,33,75,0,86,0,0,86
13271,GA,Telfair County,12477,1928,5994,4338,28,32,0,157,10190,1757,4824,3476,19,28,0,86,2287,171,1170,862,9,4,0,71,4704,3924,780,3026,3026,2860,0,166,0,0,0,0,0
13275,GA,Thomas County,45798,1577,26186,16340,151,425,10,1109,35037,970,20878,12019,122,342,9,697,10761,607,5308,4321,29,83,1,412,20668,18440,2228,501,257,0,43,214,0,244,166,0,78
22051,LA,Jefferson Parish,440781,79057,212333,117080,1370,19845,122,10974,344654,55484,178208,87164,1080,15783,90,6845,96127,23573,34125,29916,290,4062,32,4129,193878,178028,15850,2953,2386,930,122,1297,37,567,0,0,567
22055,LA,Lafayette Parish,241753,15983,152073,61304,735,5318,75,6265,183875,10829,120752,44026,552,4088,64,3564,57878,5154,31321,17278,183,1230,11,2701,107922,97428,10494,2782,2392,1339,10,1010,33,390,128,0,262
22057,LA,Lafourche Parish,97557,5672,71182,14627,2429,782,32,2833,74619,3743,56519,10627,1704,595,23,1408,22938,1929,14663,4000,725,187,9,1425,40933,37179,3754,2451,969,543,0,426,0,1482,1382,0,100
22059,LA,La Salle Parish,14791,1402,11348,1289,134,256,10,352,11563,1325,8650,1022,95,246,10,215,3228,77,2698,267,39,10,0,137,6151,5140,1011,1964,1964,1819,0,145,0,0,0,0,0
22061,LA,Lincoln Parish,48396,1754,25893,18680,146,694,8,1221,38655,1187,21199,14689,126,599,5,850,9741,567,4694,3991,20,95,3,371,20370,18075,2295,5288,577,243,8,311,15,4711,4647,0,64
22063,LA,Livingston Parish,142282,8791,116403,11343,371,1165,38,4171,105141,5390,88379,7709,297,847,35,2484,37141,3401,28024,3634,74,318,3,1687,57480,52581,4899,1068,903,541,0,362,0,165,0,0,165
22065,LA,Madison Parish,10017,204,3439,6182,33,8,5,146,7435,149,2878,4302,24,6,1,75,2582,55,561,1880,9,2,4,71,4357,3732,625,809,765,600,79,86,0,44,0,0,44
22067,LA,Morehouse Parish,25629,381,12327,12002,87,92,3,737,20062,292,10136,8978,64,75,3,514,5567,89,2191,3024,23,17,0,223,11863,10302,1561,1140,1132,864,0,256,12,8,0,0,8
22069,LA,Natchitoches Parish,37515,1490,19298,15055,292,208,24,1148,29349,1140,15940,11043,242,175,23,786,8166,350,3358,4012,50,33,1,362,18513,15213,3300,2124,756,617,0,139,0,1368,1352,0,16
22071,LA,Orleans Parish,383997,31017,124279,207515,805,10824,137,9420,306196,23156,108346,158031,671,9180,124,6688,77801,7861,15933,49484,134,1644,13,2732,193840,165125,28715,15534,3851,1721,94,2004,32,11683,9569,31,2083
22073,LA,Ouachita Parish,160368,5658,88498,59033,420,2327,33,4399,120200,3946,70050,41189,331,1869,29,2786,40168,1712,18448,17844,89,458,4,1613,70028,62654,7374,5268,3423,2503,115,805,0,1845,1531,0,314
22075,LA,Plaquemines Parish,23515,2236,14018,4946,257,1065,41,952,17334,1377,10734,3668,216,796,31,512,6181,859,3284,1278,41,269,10,440,9447,8190,1257,785,624,500,31,93,0,161,0,44,117
22077,LA,Pointe Coupee Parish,20758,625,12407,7262,49,66,2,347,16250,429,10123,5380,43,57,2,216,4508,196,2284,1882,6,9,0,131,10923,8645,2278,154,154,0,0,154,0,0,0,0,0
22079,LA,Rapides Parish,130023,5090,77279,40517,910,1857,36,4334,98792,3442,61297,29169,682,1470,24,2708,31231,1648,15982,11348,228,387,12,1626,57935,51268,6667,3322,1666,758,36,696,176,1656,101,536,1019
22081,LA,Red River Parish,7620,188,4185,2960,41,2,0,244,5714,113,3342,2105,38,1,0,115,1906,75,843,855,3,1,0,129,3567,3042,525,156,156,37,25,94,0,0,0,0,0
22083,LA,Richland Parish,20043,400,11756,7327,54,57,0,449,15383,293,9312,5381,44,52,0,301,4660,107,2444,1946,10,5,0,148,8628,7674,954,1004,826,651,6,169,0,178,0,0,178
22085,LA,Sabine Parish,22155,710,14975,3540,1791,70,12,1057,17064,502,12025,2552,1304,53,5,623,5091,208,2950,988,487,17,7,434,13370,9202,4168,339,304,120,0,184,0,35,0,0,35
22087,LA,St. Bernard Parish,43764,6010,23663,11498,218,1003,9,1363,31775,4028,18422,7608,167,754,8,788,11989,1982,5241,3890,51,249,1,575,17642,16223,1419,233,193,155,11,27,0,40,0,0,40
22089,LA,St. Charles Parish,52549,4141,33100,13111,221,588,24,1364,39541,2737,25903,9534,158,429,19,761,13008,1404,7197,3577,63,159,5,603,20445,19187,1258,593,520,432,0,88,0,73,0,0,73
22091,LA,St. Helena Parish,10920,216,4552,5865,38,21,4,224,8463,149,3837,4290,27,19,2,139,2457,67,715,1575,11,2,2,85,5243,4380,863,102,87,36,0,51,0,15,0,0,15
22093,LA,St. James Parish,20192,343,9997,9531,28,34,2,257,15505,237,7898,7184,21,21,2,142,4687,106,2099,2347,7,13,0,115,8554,7692,862,155,137,45,0,92,0,18,0,0,18
22095,LA,St. John the Baptist Parish,42477,3291,13557,24200,107,333,8,981,32503,2210,11440,17860,81,289,8,615,9974,1081,2117,6340,26,44,0,366,17738,15803,1935,376,364,155,0,93,116,12,0,0,12
22097,LA,St. Landry Parish,82540,2178,43588,34518,158,407,15,1676,61811,1374,34238,24828,121,304,11,935,20729,804,9350,9690,37,103,4,741,36723,32499,4224,1214,903,307,12,580,4,311,0,0,311
22099,LA,St. Martin Parish,51767,1679,33173,15143,180,458,4,1130,39404,1144,26251,10941,130,341,4,593,12363,535,6922,4202,50,117,0,537,23515,20238,3277,294,265,29,0,236,0,29,0,0,29
22103,LA,St. Tammany Parish,264570,20844,195253,34729,910,3984,115,8735,202228,14310,153828,25040,705,3105,81,5159,62342,6534,41425,9689,205,879,34,3576,110370,102005,8365,2523,1678,319,0,1227,132,845,110,0,735
22105,LA,Tangipahoa Parish,133157,7242,80802,39958,424,983,25,3723,101491,4840,64937,28273,333,802,24,2282,31666,2402,15865,11685,91,181,1,1441,56685,50961,5724,4469,1601,904,84,537,76,2868,2265,0,603
22109,LA,Terrebonne Parish,109580,7358,69381,21212,5826,1326,41,4436,82505,4701,55338,15045,4120,1027,27,2247,27075,2657,14043,6167,1706,299,14,2189,47321,41344,5977,1028,969,505,31,433,0,59,0,0,59
22113,LA,Vermilion Parish,57359,2296,44325,7961,175,1277,10,1315,43012,1496,34293,5494,148,961,4,616,14347,800,10032,2467,27,316,6,699,25741,22195,3546,551,516,0,0,516,0,35,0,0,35
22115,LA,Vernon Parish,48750,4175,34035,6434,487,892,293,2434,36261,2740,26137,4692,379,750,201,1362,12489,1435,7898,1742,108,142,92,1072,21953,18761,3192,1731,326,103,0,207,16,1405,0,1381,24
22119,LA,Webster Parish,36967,688,22772,12177,137,146,12,1035,28753,434,18187,9205,125,115,8,679,8214,254,4585,2972,12,31,4,356,18236,15684,2552,404,258,0,0,258,0,146,0,56,90
22121,LA,West Baton Rouge Parish,27199,1244,14252,10772,60,228,8,635,20526,871,11123,7951,44,183,8,346,6673,373,3129,2821,16,45,0,289,11496,10338,1158,613,613,517,0,96,0,0,0,0,0
22125,LA,West Feliciana Parish,15310,651,10638,3602,95,33,7,284,12783,572,9042,2883,91,28,7,160,2527,79,1596,719,4,5,0,124,5036,3897,1139,5400,5400,5284,0,116,0,0,0,0,0
22127,LA,Winn Parish,13755,1023,8547,3537,81,175,16,376,10906,941,6894,2598,61,164,16,232,2849,82,1653,939,20,11,0,144,6339,5181,1158,1501,1429,1322,0,107,0,72,0,0,72
36001,NY,Albany County,314848,21595,214993,41807,519,24635,190,11109,255875,15425,182909,31428,412,18941,128,6632,58973,6170,32084,10379,107,5694,62,4477,146131,132812,13319,16723,2716,303,186,2048,179,14007,11185,0,2822
36005,NY,Bronx County,1472654,806463,142223,428781,3577,71105,749,19756,1123075,600336,118444,331502,2596,55192,557,14448,349579,206127,23779,97279,981,15913,192,5308,547030,522450,24580,52815,15036,3815,272,10485,464,37779,7348,0,30431
36007,NY,Broome County,198683,10285,159049,11968,428,9462,70,7421,161645,7054,133071,8718,354,8115,57,4276,37038,3231,25978,3250,74,1347,13,3145,92569,82088,10481,11706,3348,313,89,2889,57,8358,7573,0,785
36011,NY,Cayuga County,76248,2636,67468,2844,227,406,55,2612,61212,1843,54988,2353,193,332,31,1472,15036,793,12480,491,34,74,24,1140,36660,31328,5332,3636,2645,2049,58,527,11,991,404,0,587
36013,NY,Chautauqua County,127657,11769,107702,3016,501,850,52,3767,101314,7533,88070,2436,396,723,37,2119,26343,4236,19632,580,105,127,15,1648,66247,53223,13024,5036,1696,812,5,879,0,3340,2048,0,1292
36017,NY,Chenango County,47220,1117,44017,375,94,261,16,1340,37509,739,35335,263,90,207,7,868,9711,378,8682,112,4,54,9,472,24210,19897,4313,838,598,59,15,524,0,240,0,0,240
36019,NY,Clinton County,79843,2856,70220,2833,241,1006,26,2661,65038,2285,57351,2578,207,831,21,1765,14805,571,12869,255,34,175,5,896,37315,32583,4732,5613,3121,2653,9,459,0,2492,2187,0,305
36023,NY,Cortland County,46809,1658,41565,889,116,1040,7,1534,37850,1277,33856,700,105,964,4,944,8959,381,7709,189,11,76,3,590,20814,18378,2436,3876,443,50,0,393,0,3433,2992,0,441
36025,NY,Delaware County,44308,1985,39521,1053,99,500,8,1142,36549,1439,32969,844,83,416,7,791,7759,546,6552,209,16,84,1,351,29953,19193,10760,2116,480,77,18,385,0,1636,1396,0,240
36029,NY,Erie County,954236,59658,686271,131237,4718,46627,227,25498,762120,39747,572458,97023,3668,34689,178,14357,192116,19911,113813,34214,1050,11938,49,11141,438747,404064,34683,27273,9822,3409,105,6065,243,17451,12219,0,5232
36033,NY,Franklin County,47555,1387,38956,1710,4103,209,1,1189,37865,1120,31176,1660,2971,167,0,771,9690,267,7780,50,1132,42,1,418,25318,18974,6344,3947,3065,2829,16,208,12,882,395,0,487
36035,NY,Fulton County,53324,2134,48046,1016,91,371,6,1660,42718,1311,39101,814,76,299,6,1111,10606,823,8945,202,15,72,0,549,28087,22390,5697,1547,887,469,16,398,4,660,130,0,530
36039,NY,Greene County,47931,3109,40296,2241,104,528,4,1649,39625,2270,33846,1994,87,430,4,994,8306,839,6450,247,17,98,0,655,28926,20073,8853,3108,2479,2140,0,339,0,629,0,0,629
36041,NY,Hamilton County,5107,100,4830,31,14,15,1,116,4441,67,4239,31,6,15,1,82,666,33,591,0,8,0,0,34,7826,2478,5348,119,4,4,0,0,0,115,25,0,90
36045,NY,Jefferson County,116721,7990,94700,6557,471,2257,303,4443,90038,5519,74557,5087,361,1813,185,2516,26683,2471,20143,1470,110,444,118,1927,61604,45480,16124,6893,1754,1185,23,524,22,5139,183,4278,678
36047,NY,Kings County,2736074,516426,1000605,767266,4624,376253,1088,69812,2140371,391547,781417,615826,3541,298666,872,48502,595703,124879,219188,151440,1083,77587,216,21310,1077654,1009804,67850,45946,14330,2562,400,9466,1902,31616,4629,0,26987
36051,NY,Livingston County,61834,2721,55436,1137,131,675,7,1727,50109,1870,45407,1038,117,594,5,1078,11725,851,10029,99,14,81,2,649,27113,24276,2837,4609,1311,948,16,329,18,3298,2879,0,419
36053,NY,Madison County,68016,1673,62149,1126,442,687,12,1927,54863,1198,50516,1008,340,616,6,1179,13153,475,11633,118,102,71,6,748,30551,26626,3925,4956,405,80,10,315,0,4551,4316,0,235
36057,NY,Montgomery County,49532,7312,39042,1062,88,513,17,1498,38248,4663,31399,779,70,404,9,924,11284,2649,7643,283,18,109,8,574,22857,19968,2889,1221,704,95,14,591,4,517,0,0,517
36059,NY,Nassau County,1395774,256425,793871,153551,1942,166165,447,23373,1098884,184325,651012,122004,1377,125919,336,13911,296890,72100,142859,31547,565,40246,111,9462,476732,455482,21250,21725,7814,577,165,6895,177,13911,7171,35,6705
36063,NY,Niagara County,212666,7818,175697,16502,2311,2534,49,7755,170508,4888,145659,12045,1844,2016,31,4025,42158,2930,30038,4457,467,518,18,3730,100156,91392,8764,3900,1638,278,29,1321,10,2262,1354,0,908
36065,NY,Oneida County,232125,15191,183735,15255,518,10629,77,6720,182459,9959,150305,10761,436,7179,61,3758,49666,5232,33430,4494,82,3450,16,2962,104919,93846,11073,11995,6657,3981,164,2489,23,5338,3957,0,1381
36069,NY,Ontario County,112458,6113,98816,2588,204,1424,25,3288,90306,3941,81148,2003,167,1112,17,1918,22152,2172,17668,585,37,312,8,1370,52585,46693,5892,4002,955,99,15,764,77,3047,2106,0,941
36071,NY,Orange County,401310,89744,242174,44818,907,13058,199,10410,299303,61549,187308,33487,690,10029,136,6104,102007,28195,54866,11331,217,3029,63,4306,146879,135746,11133,13732,3487,1883,163,1145,296,10245,4450,1250,4545
36075,NY,Oswego County,117525,3616,107489,1465,461,903,21,3570,92794,2362,85791,1191,383,774,15,2278,24731,1254,21698,274,78,129,6,1292,54470,46419,8051,4703,624,88,0,536,0,4079,3816,0,263
48001,TX,Anderson County,57922,11111,33379,11463,194,393,14,1368,47381,8350,27874,9832,158,325,10,832,10541,2761,5505,1631,36,68,4,536,20131,17371,2760,13906,13755,13344,0,411,0,151,0,0,151
48005,TX,Angelina County,86395,19732,50457,12943,209,916,32,2106,65058,12872,40461,9480,157,722,32,1334,21337,6860,9996,3463,52,194,0,772,36480,32134,4346,2516,1664,1104,17,543,0,852,101,0,751
48007,TX,Aransas County,23830,6158,16081,261,143,489,15,683,19816,4397,14164,206,120,397,15,517,4014,1761,1917,55,23,92,0,166,15500,10236,5264,414,366,197,0,169,0,48,0,0,48
48011,TX,Armstrong County,1848,144,1607,7,18,10,0,62,1427,85,1270,7,18,9,0,38,421,59,337,0,0,1,0,24,842,728,114,44,44,3,0,41,0,0,0,0,0
48013,TX,Atascosa County,48981,31178,16421,384,118,191,17,672,35983,21784,13165,292,109,152,13,468,12998,9394,3256,92,9,39,4,204,18777,16485,2292,366,337,0,0,323,14,29,0,0,29
48017,TX,Bailey County,6904,4540,2219,61,32,11,0,41,4838,2946,1795,36,19,10,0,32,2066,1594,424,25,13,1,0,9,2746,2359,387,128,128,78,0,50,0,0,0,0,0
48019,TX,Bandera County,20851,4010,15868,123,102,103,11,634,17349,2948,13632,105,96,85,1,482,3502,1062,2236,18,6,18,10,152,11400,8847,2553,206,96,62,3,31,0,110,0,0,110
48023,TX,Baylor County,3465,439,2834,60,11,10,0,111,2636,275,2245,45,11,6,0,54,829,164,589,15,0,4,0,57,2094,1503,591,54,54,0,0,54,0,0,0,0,0
48025,TX,Bee County,31047,19392,8749,2340,55,218,3,290,25022,14920,7458,2194,48,192,2,208,6025,4472,1291,146,7,26,1,82,10562,8896,1666,7429,7372,7242,0,130,0,57,19,0,38
48029,TX,Bexar County,2009324,1190958,547798,150992,4714,66346,2806,45710,1512388,854043,455095,115623,3823,52333,2106,29365,496936,336915,92703,35369,891,14013,700,16345,794173,726886,67287,38562,13993,5919,514,7065,495,24569,7079,12750,4740
48031,TX,Blanco County,11374,2092,8835,85,37,55,0,270,9421,1514,7553,73,19,45,0,217,1953,578,1282,12,18,10,0,53,6056,4787,1269,70,56,16,0,40,0,14,0,0,14
48035,TX,Bosque County,18235,3321,13840,252,83,83,3,653,14456,2148,11557,212,55,56,3,425,3779,1173,2283,40,28,27,0,228,9284,7391,1893,249,249,16,0,233,0,0,0,0,0
48039,TX,Brazoria County,372031,115202,164678,54344,1050,26424,137,10196,275900,77672,131352,40492,836,19472,113,5963,96131,37530,33326,13852,214,6952,24,4233,141493,127464,14029,10314,10048,8816,74,1124,34,266,0,0,266
48041,TX,Brazos County,233849,63067,125018,23929,518,14742,217,6358,185935,45137,105403,17654,401,12773,177,4390,47914,17930,19615,6275,117,1969,40,1968,96710,85304,11406,20807,3014,2415,64,535,0,17793,17502,0,291
48045,TX,Briscoe County,1435,368,1015,18,4,0,0,30,1113,259,816,13,4,0,0,21,322,109,199,5,0,0,0,9,874,605,269,0,0,0,0,0,0,0,0,0,0
48047,TX,Brooks County,7076,6242,740,11,11,30,0,42,5329,4593,651,10,11,26,0,38,1747,1649,89,1,0,4,0,4,3095,2507,588,473,473,412,0,61,0,0,0,0,0
48051,TX,Burleson County,17642,3712,11466,1866,65,74,0,459,13911,2503,9567,1434,50,61,0,296,3731,1209,1899,432,15,13,0,163,9351,7183,2168,168,168,33,0,135,0,0,0,0,0
48053,TX,Burnet County,49130,11199,35278,628,185,440,16,1384,38983,7372,29644,483,158,353,3,970,10147,3827,5634,145,27,87,13,414,23436,19245,4191,974,941,680,0,261,0,33,0,0,33
48057,TX,Calhoun County,20106,9858,8490,375,37,1118,0,228,15502,6980,7174,320,28,829,0,171,4604,2878,1316,55,9,289,0,57,10539,7614,2925,210,200,60,0,140,0,10,0,0,10
48059,TX,Callahan County,13708,1306,11682,131,71,57,7,454,10696,867,9312,98,53,51,7,308,3012,439,2370,33,18,6,0,146,6487,5582,905,87,87,13,0,74,0,0,0,0,0
48063,TX,Camp County,12464,3222,6814,1890,28,110,8,392,9345,1998,5564,1430,27,86,8,232,3119,1224,1250,460,1,24,0,160,5774,4775,999,69,69,0,0,69,0,0,0,0,0
48065,TX,Carson County,5807,558,4911,24,46,20,2,246,4401,382,3760,21,34,20,1,183,1406,176,1151,3,12,0,1,63,2776,2368,408,41,18,18,0,0,0,23,0,0,23
48069,TX,Castro County,7371,4784,2339,97,39,26,4,82,5277,3215,1871,81,24,24,4,58,2094,1569,468,16,15,2,0,24,3016,2576,440,114,114,30,0,84,0,0,0,0,0
48071,TX,Chambers County,46571,10952,30315,3240,163,654,1,1246,33464,6781,22814,2470,132,481,1,785,13107,4171,7501,770,31,173,0,461,16933,15623,1310,228,228,92,0,136,0,0,0,0,0
48075,TX,Childress County,6664,1942,3884,576,20,55,2,185,5318,1461,3143,525,20,41,0,128,1346,481,741,51,0,14,2,57,2824,2282,542,1231,1231,1192,0,39,0,0,0,0,0
48077,TX,Clay County,10218,641,9040,44,78,53,0,362,8144,394,7319,33,67,48,0,283,2074,247,1721,11,11,5,0,79,5129,4262,867,72,72,16,0,56,0,0,0,0,0
48081,TX,Coke County,3285,661,2515,8,15,2,6,78,2634,471,2066,7,15,1,6,68,651,190,449,1,0,1,0,10,2130,1415,715,58,58,0,0,58,0,0,0,0,0
48083,TX,Coleman County,7684,1192,6059,150,36,35,0,212,6165,815,5034,116,33,27,0,140,1519,377,1025,34,3,8,0,72,4875,3480,1395,28,28,0,0,28,0,0,0,0,0
48087,TX,Collingsworth County,2652,832,1625,108,23,7,1,56,1988,520,1316,88,18,7,1,38,664,312,309,20,5,0,0,18,1481,1096,385,28,28,14,0,14,0,0,0,0,0
48089,TX,Colorado County,20557,5990,11883,2234,13,84,0,353,16093,4026,10029,1736,12,70,0,220,4464,1964,1854,498,1,14,0,133,9992,8138,1854,430,416,140,0,276,0,14,0,0,14
48091,TX,Comal County,161501,43590,107001,3781,523,1921,141,4544,126535,30300,87983,3039,422,1556,112,3123,34966,13290,19018,742,101,365,29,1421,69939,62232,7707,1509,1067,225,22,820,0,442,13,0,429
48093,TX,Comanche County,13594,3867,9268,45,49,41,3,321,10566,2506,7732,30,38,35,1,224,3028,1361,1536,15,11,6,2,97,6912,5529,1383,134,134,42,0,92,0,0,0,0,0
48095,TX,Concho County,3303,1033,2119,74,9,21,1,46,2851,815,1906,70,9,20,0,31,452,218,213,4,0,1,1,15,1407,977,430,1056,1056,1012,0,44,0,0,0,0,0
48097,TX,Cooke County,41668,8519,29787,1220,361,322,15,1444,31523,5132,24062,884,245,256,11,933,10145,3387,5725,336,116,66,4,511,17716,15738,1978,660,482,138,99,245,0,178,144,0,34
48099,TX,Coryell County,83093,16482,47015,11999,424,1861,1043,4269,62606,11259,37203,9180,329,1578,665,2392,20487,5223,9812,2819,95,283,378,1877,28717,25757,2960,12775,8017,7590,0,300,127,4758,21,4676,61
48101,TX,Cottle County,1380,327,905,96,2,0,1,49,1097,226,764,69,2,0,1,35,283,101,141,27,0,0,0,14,891,613,278,0,0,0,0,0,0,0,0,0,0
48103,TX,Crane County,4675,3158,1349,70,17,22,0,59,3351,2087,1136,55,14,21,0,38,1324,1071,213,15,3,1,0,21,1823,1562,261,87,87,14,0,73,0,0,0,0,0
48105,TX,Crockett County,3098,1920,1096,20,12,12,0,38,2394,1416,916,15,8,8,0,31,704,504,180,5,4,4,0,7,1592,1211,381,51,51,12,0,39,0,0,0,0,0
48107,TX,Crosby County,5133,2829,2102,118,8,13,0,63,3812,1873,1786,93,3,12,0,45,1321,956,316,25,5,1,0,18,2652,1984,668,63,63,14,0,49,0,0,0,0,0
48109,TX,Culberson County,2188,1645,451,21,13,28,0,30,1721,1252,402,20,11,18,0,18,467,393,49,1,2,10,0,12,1070,881,189,50,9,9,0,0,0,41,0,0,41
48111,TX,Dallam County,7115,3707,3139,76,51,11,3,128,5022,2447,2393,60,34,11,3,74,2093,1260,746,16,17,0,0,54,3039,2546,493,23,23,23,0,0,0,0,0,0,0
48113,TX,Dallas County,2613539,1057835,739941,569170,6966,182851,1247,55529,1972578,722471,633903,429692,5565,142659,976,37312,640961,335364,106038,139478,1401,40192,271,18217,1038656,965537,73119,31686,16393,8935,433,6889,136,15293,10107,0,5186
48115,TX,Dawson County,12456,6767,4638,856,23,58,4,110,9450,4733,3791,794,16,48,4,64,3006,2034,847,62,7,10,0,46,4859,4079,780,1579,1543,1523,0,20,0,36,0,0,36
48117,TX,Deaf Smith County,18583,13925,4299,117,47,48,0,147,12949,9156,3531,86,42,32,0,102,5634,4769,768,31,5,16,0,45,6974,6263,711,160,160,64,0,96,0,0,0,0,0
48119,TX,Delta County,5230,394,4220,319,42,40,5,210,4081,252,3379,241,32,27,5,145,1149,142,841,78,10,13,0,65,2420,2095,325,59,59,0,0,59,0,0,0,0,0
39083,OH,Knox County,62721,1196,58578,644,127,392,18,1766,48296,778,45518,477,107,309,17,1090,14425,418,13060,167,20,83,1,676,25797,23429,2368,3538,733,86,32,615,0,2805,2588,0,217
39089,OH,Licking County,178519,3988,154602,7417,399,5103,50,6960,137465,2476,121640,5391,305,3731,39,3883,41054,1512,32962,2026,94,1372,11,3077,72709,68462,4247,3892,997,214,9,774,0,2895,2469,0,426
39095,OH,Lucas County,431279,32167,288856,84223,848,7342,126,17717,334866,20308,236799,61336,699,5977,103,9644,96413,11859,52057,22887,149,1365,23,8073,200147,181899,18248,10378,4520,1310,78,3018,114,5858,4061,32,1765
39099,OH,Mahoning County,228614,14093,171249,34079,344,2043,73,6733,183667,9203,143226,25499,283,1583,58,3815,44947,4890,28023,8580,61,460,15,2918,107989,97912,10077,7181,5135,2608,123,2363,41,2046,1251,0,795
39105,OH,Meigs County,22210,172,21323,159,49,27,0,480,17507,116,16853,131,45,25,0,337,4703,56,4470,28,4,2,0,143,10649,9204,1445,182,172,5,0,167,0,10,0,0,10
39111,OH,Monroe County,13385,67,13002,27,12,24,3,250,10698,37,10433,21,12,24,3,168,2687,30,2569,6,0,0,0,82,7133,5747,1386,82,72,0,0,72,0,10,0,0,10
39117,OH,Morrow County,34950,580,33089,184,57,100,9,931,26895,351,25693,130,41,83,5,592,8055,229,7396,54,16,17,4,339,14472,13334,1138,286,250,84,2,164,0,36,0,0,36
39123,OH,Ottawa County,40364,2059,36828,361,48,168,7,893,32939,1354,30593,267,45,127,6,547,7425,705,6235,94,3,41,1,346,28596,17748,10848,497,433,56,0,377,0,64,4,28,32
39129,OH,Pickaway County,58539,903,52984,2193,133,316,13,1997,45401,586,41380,1910,104,231,11,1179,13138,317,11604,283,29,85,2,818,22372,21005,1367,4314,4020,3505,122,393,0,294,244,0,50
13281,GA,Towns County,12493,415,11552,133,32,85,5,271,10923,338,10166,119,20,66,3,211,1570,77,1386,14,12,19,2,60,8600,5473,3127,901,190,49,0,141,0,711,711,0,0
13283,GA,Treutlen County,6406,170,4082,2003,19,9,0,123,4934,98,3286,1463,14,8,0,65,1472,72,796,540,5,1,0,58,2868,2449,419,432,337,278,0,59,0,95,0,0,95
13287,GA,Turner County,9006,372,4731,3650,7,52,0,194,6960,256,3908,2667,1,35,0,93,2046,116,823,983,6,17,0,101,3916,3512,404,271,86,62,0,24,0,185,0,0,185
13291,GA,Union County,24632,816,22812,142,75,107,0,680,20808,563,19480,116,61,98,0,490,3824,253,3332,26,14,9,0,190,14645,10607,4038,456,456,245,0,211,0,0,0,0,0
13293,GA,Upson County,27700,633,18153,7890,69,162,2,791,21711,411,14642,6021,53,122,0,462,5989,222,3511,1869,16,40,2,329,12301,11173,1128,336,322,71,0,251,0,14,0,0,14
13297,GA,Walton County,96673,5228,69165,17362,195,1499,47,3177,73098,3236,54107,12588,163,1129,25,1850,23575,1992,15058,4774,32,370,22,1327,35473,33924,1549,779,755,284,0,443,28,24,0,0,24
13299,GA,Ware County,36251,1612,22460,10744,78,349,20,988,27788,1012,17928,7954,63,262,16,553,8463,600,4532,2790,15,87,4,435,15858,13651,2207,2281,2191,1818,30,343,0,90,0,0,90
13303,GA,Washington County,19988,334,8476,10719,37,79,0,343,15709,235,6980,8200,27,57,0,210,4279,99,1496,2519,10,22,0,133,8556,7506,1050,1729,1642,1503,0,139,0,87,27,0,60
13307,GA,Webster County,2348,59,1139,1064,0,12,6,68,1847,36,931,818,0,10,3,49,501,23,208,246,0,2,3,19,1196,991,205,0,0,0,0,0,0,0,0,0,0
13309,GA,Wheeler County,7471,272,4176,2882,9,18,0,114,6217,174,3425,2534,9,11,0,64,1254,98,751,348,0,7,0,50,2420,2054,366,2426,2426,2362,0,64,0,0,0,0,0
13313,GA,Whitfield County,102864,36916,58390,3652,187,1438,21,2260,76262,23553,47237,2823,148,1065,17,1419,26602,13363,11153,829,39,373,4,841,38876,36134,2742,1088,848,394,27,427,0,240,0,0,240
13315,GA,Wilcox County,8766,272,5207,3098,3,54,4,128,7218,209,4231,2670,3,40,3,62,1548,63,976,428,0,14,1,66,3440,2811,629,1880,1856,1721,0,135,0,24,0,0,24
13319,GA,Wilkinson County,8877,239,5141,3175,30,23,3,266,7026,152,4188,2491,28,17,3,147,1851,87,953,684,2,6,0,119,4288,3588,700,106,106,37,0,49,20,0,0,0,0
15001,HI,Hawaii County,200629,22275,66371,1434,671,38526,26251,45101,158711,14371,59591,1224,587,33883,18278,30777,41918,7904,6780,210,84,4643,7973,14324,88691,73021,15670,2728,1167,514,42,607,4,1561,644,0,917
15003,HI,Honolulu County,1016508,92322,180414,20412,1171,430319,97363,194507,809839,62569,156040,16730,1020,371146,69246,133088,206669,29753,24374,3682,151,59173,28117,61419,370665,336412,34253,34867,7243,2756,81,4132,274,27624,4316,15522,7786
15005,HI,Kalawao County,82,18,30,1,0,9,15,9,72,11,30,1,0,7,15,8,10,7,0,0,0,2,0,1,114,59,55,17,0,0,0,0,0,17,0,0,17
15007,HI,Kauai County,73298,7394,22686,429,164,20548,6871,15206,57544,4858,19837,361,134,17619,4890,9845,15754,2536,2849,68,30,2929,1981,5361,30157,24712,5445,931,460,127,0,333,0,471,0,0,471
15009,HI,Maui County,164754,16914,53343,1254,419,43450,18997,30377,129739,11298,47060,1081,343,36602,13087,20268,35015,5616,6283,173,76,6848,5910,10109,71439,56063,15376,2198,791,355,6,426,4,1407,0,0,1407
16001,ID,Ada County,494967,45223,404718,8427,2312,13981,1240,19066,378479,29841,317902,5402,1875,10966,897,11596,116488,15382,86816,3025,437,3015,343,7470,196901,187488,9413,13459,8944,6357,19,2488,80,4515,2897,0,1618
16003,ID,Adams County,4379,152,4050,7,27,10,0,133,3619,106,3389,6,27,9,0,82,760,46,661,1,0,1,0,51,2642,1927,715,24,24,24,0,0,0,0,0,0,0
16005,ID,Bannock County,87018,7993,71363,798,2606,1188,251,2819,64357,5054,54013,625,1847,987,182,1649,22661,2939,17350,173,759,201,69,1170,34903,32438,2465,2240,902,556,34,312,0,1338,931,0,407
16007,ID,Bear Lake County,6372,208,6002,14,25,13,2,108,4630,128,4394,6,23,13,1,65,1742,80,1608,8,2,0,1,43,3849,2427,1422,53,53,0,0,53,0,0,0,0,0
16009,ID,Benewah County,9530,254,8082,25,798,38,15,318,7429,162,6447,20,528,31,15,226,2101,92,1635,5,270,7,0,92,4628,3875,753,69,69,8,0,61,0,0,0,0,0
16011,ID,Bingham County,47992,8331,35263,155,2898,207,39,1099,33315,5241,25136,96,2003,166,29,644,14677,3090,10127,59,895,41,10,455,16905,15891,1014,509,462,138,0,213,111,47,0,0,47
16013,ID,Blaine County,24272,5021,18413,77,35,224,16,486,19152,3227,15332,65,26,190,9,303,5120,1794,3081,12,9,34,7,183,15436,10225,5211,369,157,56,0,101,0,212,16,0,196
16015,ID,Boise County,7610,324,6865,40,56,45,4,276,6356,229,5801,32,49,42,3,200,1254,95,1064,8,7,3,1,76,5443,3364,2079,30,0,0,0,0,0,30,0,0,30
16017,ID,Bonner County,47110,1504,43214,188,311,284,41,1568,37908,990,35203,119,259,228,37,1072,9202,514,8011,69,52,56,4,496,26312,19619,6693,526,410,89,19,302,0,116,0,0,116
16019,ID,Bonneville County,123964,17094,100924,707,684,1441,147,2967,86205,10108,72273,488,496,1122,87,1631,37759,6986,28651,219,188,319,60,1336,45214,42684,2530,1652,1269,514,24,513,218,383,0,0,383
16021,ID,Boundary County,12056,692,10692,45,146,80,9,392,9249,486,8285,36,110,71,9,252,2807,206,2407,9,36,9,0,140,5400,4763,637,123,81,10,0,71,0,42,0,0,42
16023,ID,Butte County,2574,134,2361,2,15,4,2,56,1922,87,1784,2,12,2,0,35,652,47,577,0,3,2,2,21,1289,1061,228,15,5,4,0,1,0,10,0,0,10
16025,ID,Camas County,1077,59,946,3,0,9,0,60,829,33,751,1,0,8,0,36,248,26,195,2,0,1,0,24,691,486,205,0,0,0,0,0,0,0,0,0,0
16027,ID,Canyon County,231105,59166,158484,1742,1196,2107,630,7780,166440,36468,120832,1218,951,1751,429,4791,64665,22698,37652,524,245,356,201,2989,81013,77829,3184,3209,1526,430,112,984,0,1683,1226,0,457
16029,ID,Caribou County,7027,384,6461,3,46,12,15,106,4971,243,4601,3,31,7,13,73,2056,141,1860,0,15,5,2,33,3108,2629,479,95,95,47,0,48,0,0,0,0,0
16031,ID,Cassia County,24655,7186,16716,84,127,142,29,371,16999,4528,11961,51,106,110,13,230,7656,2658,4755,33,21,32,16,141,8838,8216,622,358,271,128,0,143,0,87,0,0,87
16033,ID,Clark County,790,288,479,5,2,1,0,15,580,181,385,1,2,1,0,10,210,107,94,4,0,0,0,5,483,316,167,1,1,1,0,0,0,0,0,0,0
16037,ID,Custer County,4275,156,3933,8,33,17,3,125,3538,104,3292,6,29,14,3,90,737,52,641,2,4,3,0,35,3021,1948,1073,111,44,1,0,18,25,67,0,0,67
16041,ID,Franklin County,14194,1023,12758,27,75,31,7,273,9682,599,8851,14,50,25,4,139,4512,424,3907,13,25,6,3,134,4985,4601,384,88,88,0,4,84,0,0,0,0,0
16043,ID,Fremont County,13388,1590,11380,29,71,53,24,241,9698,994,8407,21,60,32,20,164,3690,596,2973,8,11,21,4,77,8452,4688,3764,454,448,278,100,29,41,6,0,0,6
16047,ID,Gooding County,15598,4847,10219,33,71,46,7,375,11275,2995,7911,26,59,32,7,245,4323,1852,2308,7,12,14,0,130,6030,5647,383,121,91,18,0,68,5,30,0,0,30
16049,ID,Idaho County,16541,611,14863,77,416,69,6,499,13270,384,12110,56,308,57,2,353,3271,227,2753,21,108,12,4,146,8872,7006,1866,489,447,410,0,37,0,42,0,0,42
16053,ID,Jerome County,24237,9176,14349,60,111,88,24,429,16874,5513,10877,37,75,75,19,278,7363,3663,3472,23,36,13,5,151,8569,8098,471,209,171,99,0,63,9,38,0,0,38
16057,ID,Latah County,39517,2073,34132,380,267,999,49,1617,31752,1578,27700,286,200,854,45,1089,7765,495,6432,94,67,145,4,528,17259,16063,1196,2656,139,11,0,128,0,2517,2433,0,84
16059,ID,Lemhi County,7974,295,7376,28,47,32,6,190,6470,198,6037,20,45,31,6,133,1504,97,1339,8,2,1,0,57,4568,3651,917,76,30,2,0,28,0,46,12,0,34
16063,ID,Lincoln County,5127,1639,3302,7,23,11,5,140,3692,1072,2491,4,21,9,3,92,1435,567,811,3,2,2,2,48,1948,1785,163,42,42,0,0,42,0,0,0,0,0
16065,ID,Madison County,52913,5248,44430,760,155,955,216,1149,42141,4078,35419,683,134,895,189,743,10772,1170,9011,77,21,60,27,406,14124,12700,1424,14755,447,76,0,179,192,14308,14286,0,22
16069,ID,Nez Perce County,42090,1630,35979,230,2338,340,33,1540,33042,1094,28897,155,1650,296,30,920,9048,536,7082,75,688,44,3,620,18364,17231,1133,1126,693,87,102,504,0,433,357,0,76
16073,ID,Owyhee County,11913,2915,8217,51,375,49,8,298,8722,1865,6310,26,265,40,6,210,3191,1050,1907,25,110,9,2,88,4719,4232,487,172,157,28,50,79,0,15,0,0,15
13277,GA,Tift County,41344,5219,22353,12087,58,663,3,961,31224,3295,18142,8665,37,513,2,570,10120,1924,4211,3422,21,150,1,391,17375,15921,1454,930,450,187,0,263,0,480,457,0,23
16075,ID,Payette County,25386,4268,19721,87,169,221,32,888,18652,2615,15077,62,129,182,17,570,6734,1653,4644,25,40,39,15,318,9684,9223,461,182,114,37,0,77,0,68,0,0,68
16079,ID,Shoshone County,13169,450,11985,36,147,62,6,483,10589,275,9787,27,119,51,5,325,2580,175,2198,9,28,11,1,158,6990,5836,1154,191,141,21,0,120,0,50,0,0,50
16081,ID,Teton County,11630,2020,9304,25,25,58,0,198,8615,1235,7162,22,15,52,0,129,3015,785,2142,3,10,6,0,69,5815,4360,1455,27,27,0,0,19,8,0,0,0,0
16085,ID,Valley County,11746,601,10676,35,57,63,8,306,9560,403,8819,26,54,45,1,212,2186,198,1857,9,3,18,7,94,12189,5131,7058,143,88,59,0,29,0,55,9,0,46
16087,ID,Washington County,10500,1662,8284,30,75,87,7,355,8040,1064,6596,19,64,74,7,216,2460,598,1688,11,11,13,0,139,4514,4087,427,147,120,23,0,65,32,27,0,0,27
17003,IL,Alexander County,5240,82,3319,1617,22,7,0,193,4238,57,2766,1264,22,7,0,122,1002,25,553,353,0,0,0,71,2946,2384,562,79,58,0,0,58,0,21,0,0,21
17007,IL,Boone County,53448,12880,37321,1216,75,657,11,1288,40102,8182,29780,838,63,509,11,719,13346,4698,7541,378,12,148,0,569,20157,19109,1048,263,263,50,0,213,0,0,0,0,0
17009,IL,Brown County,6244,282,4783,1035,7,11,0,126,5156,265,3793,1024,0,4,0,70,1088,17,990,11,7,7,0,56,2330,1959,371,1706,1690,1607,0,53,30,16,0,0,16
17013,IL,Calhoun County,4437,64,4235,10,4,8,0,116,3535,32,3403,8,4,8,0,80,902,32,832,2,0,0,0,36,2282,1831,451,95,73,0,0,73,0,22,0,0,22
17015,IL,Carroll County,15702,757,13860,685,49,43,8,300,12871,552,11388,665,49,37,1,179,2831,205,2472,20,0,6,7,121,8159,6504,1655,1219,1209,1085,0,124,0,10,0,0,10
17019,IL,Champaign County,205865,16666,127214,28608,289,24566,67,8455,166418,11970,106724,20443,246,21966,50,5019,39447,4696,20490,8165,43,2600,17,3436,93075,84419,8656,15064,1153,164,66,923,0,13911,13255,0,656
17023,IL,Clark County,15455,246,14764,61,28,56,0,300,11993,155,11532,43,28,44,0,191,3462,91,3232,18,0,12,0,109,7327,6506,821,225,225,101,0,124,0,0,0,0,0
36077,NY,Otsego County,58524,2392,52310,1264,115,847,11,1585,48464,1802,43701,1063,113,706,11,1068,10060,590,8609,201,2,141,0,517,29838,23414,6424,5799,341,0,14,286,41,5458,4578,0,880
36081,NY,Queens County,2405464,667861,590675,411753,11582,673668,2522,47403,1949469,516054,502672,333815,8872,552103,2043,33910,455995,151807,88003,77938,2710,121565,479,13493,896333,847210,49123,35097,12419,400,232,11329,458,22678,4187,0,18491
36083,NY,Rensselaer County,161130,9482,126881,12131,331,5813,21,6471,130081,6262,105952,8726,265,4882,20,3974,31049,3220,20929,3405,66,931,1,2497,74197,66904,7293,6942,1870,296,284,1246,44,5072,4395,0,677
36087,NY,Rockland County,338329,66451,210732,34962,444,20866,72,4802,239516,45652,146170,27747,294,16810,49,2794,98813,20799,64562,7215,150,4056,23,2008,108068,102948,5120,6485,2036,252,46,1650,88,4449,1652,0,2797
36089,NY,St. Lawrence County,108505,2832,97557,2887,1146,1124,21,2938,86264,2268,77439,2723,884,930,12,2008,22241,564,20118,164,262,194,9,930,51612,41235,10377,10862,2809,1951,31,751,76,8053,7386,0,667
36091,NY,Saratoga County,235509,8667,207484,4053,315,7572,65,7353,188616,5810,169232,3109,261,5635,49,4520,46893,2857,38252,944,54,1937,16,2833,109919,98756,11163,3961,803,125,33,584,61,3158,2104,0,1054
36093,NY,Schenectady County,158061,12505,109280,17565,1089,10009,367,7246,124281,7963,91044,12568,837,7466,278,4125,33780,4542,18236,4997,252,2543,89,3121,70794,64957,5837,4603,1482,138,41,1303,0,3121,1945,0,1176
36095,NY,Schoharie County,29714,1075,27222,307,69,223,4,814,24341,776,22492,251,62,184,3,573,5373,299,4730,56,7,39,1,241,16449,12610,3839,1195,0,0,0,0,0,1195,1076,0,119
36097,NY,Schuyler County,17898,329,16797,102,38,115,1,516,14508,223,13747,68,32,92,1,345,3390,106,3050,34,6,23,0,171,9621,7699,1922,259,120,1,0,119,0,139,0,0,139
36099,NY,Seneca County,33814,1367,29697,1285,152,277,3,1033,26820,974,23743,1169,114,227,3,590,6994,393,5954,116,38,50,0,443,16096,13414,2682,2129,1874,1626,0,248,0,255,77,0,178
36101,NY,Steuben County,93584,1718,85610,1500,206,1650,14,2886,73447,1112,68030,1133,171,1238,13,1750,20137,606,17580,367,35,412,1,1136,47327,39737,7590,1469,828,107,37,684,0,641,169,0,472
36103,NY,Suffolk County,1525920,332959,982392,111557,3293,66647,342,28730,1214412,234093,820616,87043,2501,52837,255,17067,311508,98866,161776,24514,792,13810,87,11663,578940,516872,62068,29782,10741,598,304,8860,979,19041,10241,24,8776
36105,NY,Sullivan County,78624,14007,53821,6280,186,1641,24,2665,61786,9582,43927,5096,167,1401,23,1590,16838,4425,9894,1184,19,240,1,1075,49125,30183,18942,4461,2645,2092,162,350,41,1816,568,0,1248
36107,NY,Tioga County,48455,1117,44949,480,66,391,24,1428,38075,735,35677,385,55,317,12,894,10380,382,9272,95,11,74,12,534,21787,19878,1909,635,444,191,0,253,0,191,0,0,191
36109,NY,Tompkins County,105740,7077,78559,4491,269,10576,40,4728,90048,5677,67664,3757,223,9563,35,3129,15692,1400,10895,734,46,1013,5,1599,46884,42273,4611,14467,899,49,134,647,69,13568,13084,0,484
36111,NY,Ulster County,181851,21119,139566,10613,321,3928,52,6252,149457,14859,118521,8668,294,3240,42,3833,32394,6260,21045,1945,27,688,10,2419,85853,73321,12532,11402,3891,2601,105,1185,0,7511,2674,0,4837
36113,NY,Warren County,65737,1752,60308,807,144,750,4,1972,54003,1191,50192,626,111,606,4,1273,11734,561,10116,181,33,144,0,699,39928,29064,10864,1084,365,68,0,291,6,719,274,0,445
36115,NY,Washington County,61302,1761,55634,1603,151,338,24,1791,49492,1323,45013,1500,141,282,18,1215,11810,438,10621,103,10,56,6,576,28998,24510,4488,3030,2773,2193,0,555,25,257,0,0,257
36117,NY,Wayne County,91283,4514,80519,2495,174,506,15,3060,71744,2807,64746,1900,155,396,11,1729,19539,1707,15773,595,19,110,4,1331,42257,37485,4772,1210,621,88,16,517,0,589,0,0,589
36119,NY,Westchester County,1004457,269334,511002,135143,1168,66305,261,21244,782442,193975,416143,108073,838,51799,199,11415,222015,75359,94859,27070,330,14506,62,9829,388963,367296,21667,24428,9822,2603,709,6442,68,14606,8866,0,5740
36121,NY,Wyoming County,40531,1490,36053,1871,84,225,9,799,32895,1211,29089,1817,84,178,7,509,7636,279,6964,54,0,47,2,290,18186,15810,2376,3619,3282,3075,0,207,0,337,0,0,337
36123,NY,Yates County,24774,674,23269,167,29,101,12,522,19090,426,18064,146,27,87,9,331,5684,248,5205,21,2,14,3,191,13037,9461,3576,1309,328,62,0,145,121,981,796,0,185
37001,NC,Alamance County,171415,24703,103633,33875,604,2911,90,5599,133969,15630,86158,26067,506,2280,67,3261,37446,9073,17475,7808,98,631,23,2338,73385,67925,5460,6092,1029,397,18,601,13,5063,4427,0,636
37003,NC,Alexander County,36444,1836,31132,1951,112,399,1,1013,29273,1163,25424,1658,103,288,1,636,7171,673,5708,293,9,111,0,377,15960,14408,1552,1492,1434,1274,14,146,0,58,10,0,48
37005,NC,Alleghany County,10888,1288,9217,106,35,15,6,221,8942,865,7798,90,22,15,3,149,1946,423,1419,16,13,0,3,72,7666,4844,2822,246,107,39,0,68,0,139,0,0,139
37009,NC,Ashe County,26577,1519,24199,136,48,107,12,556,21984,1007,20351,103,47,83,0,393,4593,512,3848,33,1,24,12,163,16935,11708,5227,455,347,127,8,212,0,108,0,0,108
37011,NC,Avery County,17806,987,15636,660,60,61,1,401,15104,687,13372,655,48,45,1,296,2702,300,2264,5,12,16,0,105,13827,6860,6967,2516,1956,1810,13,133,0,560,489,0,71
37015,NC,Bertie County,17934,330,6380,10703,58,68,0,395,14896,261,5460,8793,57,58,0,267,3038,69,920,1910,1,10,0,128,8936,7264,1672,1515,1480,1367,0,113,0,35,0,0,35
37017,NC,Bladen County,29606,2546,15933,9542,703,54,8,820,23426,1558,13132,7614,554,52,6,510,6180,988,2801,1928,149,2,2,310,15131,12410,2721,327,272,112,0,160,0,55,0,0,55
37021,NC,Buncombe County,269452,21922,217700,15473,752,3451,475,9679,219874,14579,183267,12068,622,2812,309,6217,49578,7343,34433,3405,130,639,166,3462,129141,116237,12904,8156,3835,1390,78,2269,98,4321,2472,0,1849
37023,NC,Burke County,87570,7184,69234,4854,245,3181,66,2806,70018,4464,57282,4022,207,2273,43,1727,17552,2720,11952,832,38,908,23,1079,39525,35140,4385,2832,2227,1145,78,768,236,605,0,0,605
37027,NC,Caldwell County,80652,4923,68322,3932,202,556,16,2701,64436,3113,56090,3050,158,413,16,1596,16216,1810,12232,882,44,143,0,1105,36931,33166,3765,1105,839,413,3,417,6,266,0,0,266
37029,NC,Camden County,10355,340,8311,1062,41,125,1,475,7887,199,6413,873,32,102,1,267,2468,141,1898,189,9,23,0,208,4119,3875,244,7,0,0,0,0,0,7,0,0,7
37033,NC,Caswell County,22736,1002,14131,6828,70,67,17,621,18596,664,11637,5769,57,47,8,414,4140,338,2494,1059,13,20,9,207,10444,9124,1320,1476,1367,1232,0,135,0,109,0,0,109
37035,NC,Catawba County,160610,17377,117218,12849,390,7010,81,5685,126566,11061,97055,10017,318,4830,55,3230,34044,6316,20163,2832,72,2180,26,2455,70744,64471,6273,2826,1503,443,37,1023,0,1323,844,0,479
37039,NC,Cherokee County,28774,899,25576,399,421,165,0,1314,24051,586,21716,295,366,125,0,963,4723,313,3860,104,55,40,0,351,17863,12705,5158,353,257,117,0,140,0,96,0,0,96
37041,NC,Chowan County,13708,530,8367,4386,43,44,1,337,11114,337,7048,3437,30,40,1,221,2594,193,1319,949,13,4,0,116,7131,5884,1247,284,254,22,12,220,0,30,0,0,30
37043,NC,Clay County,11089,438,10136,66,44,47,9,349,9234,287,8588,54,39,32,3,231,1855,151,1548,12,5,15,6,118,7295,4880,2415,98,81,0,3,78,0,17,0,0,17
37047,NC,Columbus County,50623,2613,30214,14560,1676,173,11,1376,40316,1650,24819,11539,1288,141,10,869,10307,963,5395,3021,388,32,1,507,23433,20368,3065,2508,2445,2187,9,249,0,63,0,0,63
37049,NC,Craven County,100720,7195,65761,20119,336,3125,153,4031,79783,4747,54496,15600,286,2220,112,2322,20937,2448,11265,4519,50,905,41,1709,46800,40932,5868,3469,1470,818,0,652,0,1999,0,1786,213
37053,NC,Currituck County,28100,1218,23829,1411,99,277,23,1243,22004,763,19055,1117,79,218,18,754,6096,455,4774,294,20,59,5,489,15989,10723,5266,147,79,23,0,56,0,68,0,0,68
37055,NC,Dare County,36915,2554,32245,713,101,275,11,1016,30445,1635,27241,577,85,230,9,668,6470,919,5004,136,16,45,2,348,34237,15966,18271,310,187,55,0,132,0,123,14,42,67
37059,NC,Davie County,42712,3375,35071,2465,100,292,6,1403,33784,2096,28616,1954,80,223,4,811,8928,1279,6455,511,20,69,2,592,18753,17256,1497,412,375,53,0,322,0,37,0,0,37
37061,NC,Duplin County,48715,10813,25126,11479,155,171,5,966,37043,6701,20480,9058,116,133,4,551,11672,4112,4646,2421,39,38,1,415,23704,19195,4509,426,271,0,0,271,0,155,0,0,155
37065,NC,Edgecombe County,48900,2706,17520,27379,134,130,10,1021,38189,1720,14612,20987,116,98,3,653,10711,986,2908,6392,18,32,7,368,23059,19971,3088,694,390,124,22,244,0,304,0,0,304
37067,NC,Forsyth County,382590,54688,210735,94478,1016,9395,246,12032,297388,34063,175133,72613,826,7245,154,7354,85202,20625,35602,21865,190,2150,92,4678,170176,156635,13541,10927,2657,913,80,1600,64,8270,7669,0,601
37071,NC,Gaston County,227943,20068,155183,40149,770,3607,69,8097,177846,13041,126874,29591,662,2782,53,4843,50097,7027,28309,10558,108,825,16,3254,98136,90799,7337,3460,2367,686,26,1641,14,1093,748,0,345
37073,NC,Gates County,10478,201,6780,3039,64,24,11,359,8343,117,5423,2519,53,21,10,200,2135,84,1357,520,11,3,1,159,4767,4244,523,116,116,0,0,116,0,0,0,0,0
37077,NC,Granville County,60992,6211,33958,18407,207,396,25,1788,48195,3940,27880,14821,168,311,16,1059,12797,2271,6078,3586,39,85,9,729,24214,22461,1753,4276,3635,3119,97,121,298,641,0,0,641
37079,NC,Greene County,20451,2936,9723,7225,96,45,0,426,16566,1896,8262,6014,96,38,0,260,3885,1040,1461,1211,0,7,0,166,7846,6984,862,3397,3272,3129,0,143,0,125,0,0,125
37083,NC,Halifax County,48622,1454,19247,24808,1596,297,12,1208,38975,938,16202,19534,1274,234,11,782,9647,516,3045,5274,322,63,1,426,24735,20707,4028,1296,1228,983,12,233,0,68,0,0,68
37085,NC,Harnett County,133568,18899,78940,27084,996,1505,246,5898,98069,11334,61628,19922,752,1175,166,3092,35499,7565,17312,7162,244,330,80,2806,52876,48083,4793,3456,1901,966,23,912,0,1555,1403,0,152
37089,NC,Henderson County,116281,14999,92659,3429,294,1341,243,3316,94428,10076,78173,2683,236,1072,163,2025,21853,4923,14486,746,58,269,80,1291,56434,49317,7117,1349,956,155,21,780,0,393,25,0,368
37091,NC,Hertford County,21552,1579,6810,12259,189,124,5,586,17639,1403,5860,9700,162,94,4,416,3913,176,950,2559,27,30,1,170,9803,8351,1452,2781,1677,1288,0,161,228,1104,1048,0,56
37093,NC,Hoke County,52082,7687,20081,16557,3814,770,191,2982,37472,4696,15256,12379,2881,608,121,1531,14610,2991,4825,4178,933,162,70,1451,20083,18590,1493,421,374,142,11,221,0,47,17,0,30
37097,NC,Iredell County,186693,15777,137993,21520,445,4803,62,6093,143795,10160,110350,16021,345,3465,55,3399,42898,5617,27643,5499,100,1338,7,2694,79372,72706,6666,1720,1504,324,48,1091,41,216,0,0,216
37099,NC,Jackson County,43109,3292,33082,774,3857,508,11,1585,35790,2279,28619,710,2683,415,8,1076,7319,1013,4463,64,1174,93,3,509,26649,16876,9773,4597,193,0,0,158,35,4404,4238,0,166
48121,TX,Denton County,906422,182778,494051,96971,3651,93391,682,34898,678416,122901,391429,71520,2803,68663,509,20591,228006,59877,102622,25451,848,24728,173,14307,348275,328884,19391,9352,2714,529,111,2074,0,6638,5306,0,1332
48123,TX,DeWitt County,19824,6890,10968,1567,32,74,2,291,15418,4826,9065,1247,32,62,2,184,4406,2064,1903,320,0,12,0,107,9182,7315,1867,1534,1519,1264,11,244,0,15,0,0,15
48125,TX,Dickens County,1770,512,1191,20,0,2,3,42,1369,339,981,16,0,2,1,30,401,173,210,4,0,0,2,12,1165,778,387,2,2,2,0,0,0,0,0,0,0
48127,TX,Dimmit County,8615,7487,926,75,8,69,10,40,6308,5387,762,61,6,59,6,27,2307,2100,164,14,2,10,4,13,3980,3020,960,177,174,128,0,46,0,3,0,0,3
48129,TX,Donley County,3258,356,2551,168,27,11,1,144,2591,232,2100,121,26,10,1,101,667,124,451,47,1,1,0,43,1942,1340,602,233,52,5,0,47,0,181,180,0,1
48131,TX,Duval County,9831,7962,1615,150,14,46,0,44,7512,5963,1328,147,12,42,0,20,2319,1999,287,3,2,4,0,24,4396,3507,889,598,598,588,0,10,0,0,0,0,0
48135,TX,Ector County,165171,100051,51801,7592,586,2332,330,2479,119460,68159,41502,5629,483,1827,200,1660,45711,31892,10299,1963,103,505,130,819,66086,57336,8750,2550,1245,782,40,423,0,1305,674,0,631
48137,TX,Edwards County,1422,718,653,2,6,11,1,31,1140,528,572,2,6,6,1,25,282,190,81,0,0,5,0,6,963,577,386,16,16,16,0,0,0,0,0,0,0
48141,TX,El Paso County,865657,715351,101139,25322,2421,10984,1542,8898,644962,524130,83378,19608,1893,9113,1094,5746,220695,191221,17761,5714,528,1871,448,3152,317894,296400,21494,15960,7436,5136,147,2046,107,8524,1182,5864,1478
48143,TX,Erath County,42545,9254,30299,1226,221,360,14,1171,33837,6339,25064,1107,176,265,13,873,8708,2915,5235,119,45,95,1,298,18325,15858,2467,3756,414,58,67,289,0,3342,3186,0,156
48147,TX,Fannin County,35662,4218,27324,2231,310,157,21,1401,28127,2816,22093,1913,242,133,20,910,7535,1402,5231,318,68,24,1,491,14640,12857,1783,2959,2852,2533,0,319,0,107,0,0,107
48149,TX,Fayette County,24435,5216,17222,1402,51,76,6,462,19396,3423,14549,1030,46,62,0,286,5039,1793,2673,372,5,14,6,176,13122,10162,2960,388,348,12,33,303,0,40,0,0,40
48153,TX,Floyd County,5402,3067,2102,128,8,13,1,83,3929,2023,1751,93,3,6,1,52,1473,1044,351,35,5,7,0,31,2603,2125,478,21,21,0,0,21,0,0,0,0,0
48155,TX,Foard County,1095,197,853,19,0,3,1,22,899,136,733,11,0,0,1,18,196,61,120,8,0,3,0,4,571,474,97,40,40,0,0,40,0,0,0,0,0
48159,TX,Franklin County,10359,1455,7985,416,40,75,6,382,8023,967,6420,281,39,49,6,261,2336,488,1565,135,1,26,0,121,5089,4046,1043,70,70,48,0,22,0,0,0,0,0
48161,TX,Freestone County,19435,3155,12916,2755,65,71,11,462,15292,2086,10520,2286,63,48,6,283,4143,1069,2396,469,2,23,5,179,9030,7256,1774,1525,1507,1330,27,150,0,18,0,0,18
48165,TX,Gaines County,21598,8401,12638,252,43,77,3,184,14135,5544,8189,179,30,52,3,138,7463,2857,4449,73,13,25,0,46,7642,6765,877,146,129,40,0,89,0,17,0,0,17
48169,TX,Garza County,5816,3272,2184,233,30,26,0,71,4789,2701,1819,190,18,21,0,40,1027,571,365,43,12,5,0,31,2126,1636,490,1771,1771,1731,18,22,0,0,0,0,0
48171,TX,Gillespie County,26725,5766,20128,109,70,138,2,512,21921,3944,17333,81,59,117,1,386,4804,1822,2795,28,11,21,1,126,14128,11486,2642,353,321,45,0,276,0,32,0,0,32
48175,TX,Goliad County,7012,2288,4300,239,18,29,0,138,5500,1633,3546,188,14,28,0,91,1512,655,754,51,4,1,0,47,3503,2815,688,87,56,14,0,42,0,31,0,0,31
48177,TX,Gonzales County,19653,9897,8269,1087,45,75,6,274,14689,6585,6944,861,40,60,6,193,4964,3312,1325,226,5,15,0,81,8919,7275,1644,285,277,78,23,176,0,8,0,0,8
48181,TX,Grayson County,135543,20868,96438,7573,1886,2008,61,6709,103923,12990,78062,5727,1378,1511,50,4205,31620,7878,18376,1846,508,497,11,2504,58572,52307,6265,2083,1164,328,0,825,11,919,715,0,204
48183,TX,Gregg County,124239,24040,68983,25129,427,1647,49,3964,94003,15040,56163,18768,337,1289,40,2366,30236,9000,12820,6361,90,358,9,1598,53212,48130,5082,3393,1577,542,27,1008,0,1816,1317,0,499
48187,TX,Guadalupe County,172706,65233,85603,12243,485,3165,361,5616,128222,44169,68073,9396,370,2573,258,3383,44484,21064,17530,2847,115,592,103,2233,64482,59975,4507,1820,1007,359,7,641,0,813,692,0,121
48189,TX,Hale County,32522,19489,10837,1398,105,160,30,503,24143,13372,9038,1151,90,129,24,339,8379,6117,1799,247,15,31,6,164,13396,11396,2000,1907,1699,1564,5,130,0,208,150,0,58
48193,TX,Hamilton County,8222,1045,6869,36,37,39,2,194,6491,678,5567,26,33,35,2,150,1731,367,1302,10,4,4,0,44,4331,3365,966,164,164,0,0,164,0,0,0,0,0
48195,TX,Hansford County,5285,2615,2573,16,16,11,3,51,3776,1656,2038,16,16,10,3,37,1509,959,535,0,0,1,0,14,2280,1936,344,65,65,11,0,54,0,0,0,0,0
48199,TX,Hardin County,56231,3417,47510,3081,192,419,38,1574,42632,2150,36681,2311,152,323,30,985,13599,1267,10829,770,40,96,8,589,24003,21616,2387,390,369,8,0,361,0,21,0,0,21
48201,TX,Harris County,4731145,2034709,1342158,896508,8914,348208,3426,97222,3519584,1405353,1098855,665960,6726,279445,2475,60770,1211561,629356,243303,230548,2188,68763,951,36452,1842683,1692730,149953,47997,25008,12310,783,11229,686,22989,14056,0,8933
48205,TX,Hartley County,5382,1631,3427,191,15,24,5,89,4222,1219,2722,186,9,21,2,63,1160,412,705,5,6,3,3,26,1930,1716,214,825,825,771,0,51,3,0,0,0,0
48207,TX,Haskell County,5416,1377,3675,188,28,25,5,118,4332,997,3048,164,23,18,5,77,1084,380,627,24,5,7,0,41,3073,2112,961,496,496,463,0,33,0,0,0,0,0
48211,TX,Hemphill County,3382,1137,2105,5,18,10,0,107,2396,687,1629,2,9,4,0,65,986,450,476,3,9,6,0,42,1631,1243,388,42,42,13,0,29,0,0,0,0,0
48213,TX,Henderson County,82150,11242,62531,4766,417,533,32,2629,64930,7234,51352,3676,340,422,32,1874,17220,4008,11179,1090,77,111,0,755,40643,32748,7895,1166,758,337,0,421,0,408,331,0,77
48217,TX,Hill County,35874,7884,24442,2092,138,197,16,1105,27486,4990,19935,1555,127,146,15,718,8388,2894,4507,537,11,51,1,387,16178,13729,2449,517,446,110,41,295,0,71,71,0,0
48219,TX,Hockley County,21537,10624,9851,580,83,58,4,337,15937,7088,8023,447,67,45,4,263,5600,3536,1828,133,16,13,0,74,9173,7954,1219,295,147,39,0,108,0,148,131,0,17
48223,TX,Hopkins County,36787,6484,26248,2398,199,293,5,1160,27871,4077,20835,1829,155,222,4,749,8916,2407,5413,569,44,71,1,411,15671,13947,1724,457,457,132,0,325,0,0,0,0,0
48225,TX,Houston County,22066,3071,13090,5185,95,149,8,468,17886,2207,11021,4170,68,100,8,312,4180,864,2069,1015,27,49,0,156,10758,8132,2626,2689,2689,2499,0,190,0,0,0,0,0
48229,TX,Hudspeth County,3202,2036,1103,8,6,11,0,38,2667,1576,1039,5,6,10,0,31,535,460,64,3,0,1,0,7,1107,833,274,1016,996,996,0,0,0,20,0,0,20
48231,TX,Hunt County,99956,19673,66655,7915,731,1026,156,3800,76143,12378,53540,6183,607,839,100,2496,23813,7295,13115,1732,124,187,56,1304,40570,36076,4494,2984,573,193,0,380,0,2411,2269,0,142
48235,TX,Irion County,1513,349,1113,6,9,2,1,33,1184,262,883,4,8,2,1,24,329,87,230,2,1,0,0,9,785,617,168,8,0,0,0,0,0,8,0,0,8
48237,TX,Jack County,8472,1521,6412,296,36,42,5,160,6649,1029,5177,276,32,29,0,106,1823,492,1235,20,4,13,5,54,3785,2950,835,1076,1076,1042,0,34,0,0,0,0,0
48241,TX,Jasper County,32980,2198,24044,5590,128,122,16,882,25539,1456,19198,4143,102,102,16,522,7441,742,4846,1447,26,20,0,360,16172,13050,3122,815,802,587,0,215,0,13,0,0,13
48243,TX,Jeff Davis County,1996,613,1301,4,6,16,0,56,1711,463,1178,3,6,15,0,46,285,150,123,1,0,1,0,10,1510,965,545,0,0,0,0,0,0,0,0,0,0
48247,TX,Jim Hogg County,4838,4281,481,7,15,27,5,22,3516,3077,381,6,11,20,0,21,1322,1204,100,1,4,7,5,1,2242,1712,530,92,92,34,0,58,0,0,0,0,0
48249,TX,Jim Wells County,38891,30835,7362,211,59,150,16,258,28630,22115,5990,159,53,119,14,180,10261,8720,1372,52,6,31,2,78,16156,13764,2392,325,309,59,0,250,0,16,0,0,16
48253,TX,Jones County,19663,5504,11584,1992,66,115,4,398,16187,4302,9611,1885,51,88,0,250,3476,1202,1973,107,15,27,4,148,7037,5735,1302,5222,5175,5073,0,102,0,47,0,0,47
48255,TX,Karnes County,14710,7734,5489,1134,29,152,1,171,11855,5805,4697,1079,29,136,1,108,2855,1929,792,55,0,16,0,63,5796,4594,1202,3073,3073,2929,0,144,0,0,0,0,0
48257,TX,Kaufman County,145310,36165,79695,21754,634,2158,73,4831,103646,22171,61715,14721,506,1624,59,2850,41664,13994,17980,7033,128,534,14,1981,51228,47673,3555,1510,1155,416,0,503,236,355,156,0,199
48259,TX,Kendall County,44279,10029,32231,365,142,379,37,1096,34179,6743,26010,261,110,295,28,732,10100,3286,6221,104,32,84,9,364,18330,16406,1924,844,804,119,59,626,0,40,0,0,40
48261,TX,Kenedy County,350,261,75,0,8,0,1,5,267,202,62,0,1,0,0,2,83,59,13,0,7,0,1,3,196,131,65,2,0,0,0,0,0,2,0,0,2
48263,TX,Kent County,753,81,660,3,3,2,0,4,608,63,535,3,3,0,0,4,145,18,125,0,0,2,0,0,522,312,210,49,49,0,0,49,0,0,0,0,0
48265,TX,Kerr County,52598,13598,36319,743,158,596,42,1142,43270,9564,31604,619,134,458,42,849,9328,4034,4715,124,24,138,0,293,25200,22060,3140,1910,1051,200,118,536,197,859,710,0,149
48267,TX,Kimble County,4286,986,3150,10,14,34,3,89,3557,704,2723,10,14,34,3,69,729,282,427,0,0,0,0,20,2767,1949,818,9,9,9,0,0,0,0,0,0,0
48269,TX,King County,265,25,230,0,0,0,4,6,189,20,165,0,0,0,4,0,76,5,65,0,0,0,0,6,171,108,63,0,0,0,0,0,0,0,0,0,0
48271,TX,Kinney County,3129,1470,1525,40,21,12,2,59,2574,1097,1359,38,21,11,2,46,555,373,166,2,0,1,0,13,1521,1156,365,445,389,389,0,0,0,56,40,0,16
48273,TX,Kleberg County,31040,21920,6898,1021,88,797,2,314,23791,16147,5804,862,75,690,1,212,7249,5773,1094,159,13,107,1,102,13948,11530,2418,1332,166,0,0,166,0,1166,1100,34,32
48275,TX,Knox County,3353,1130,1958,156,8,25,3,73,2526,709,1615,125,8,9,0,60,827,421,343,31,0,16,3,13,1801,1321,480,95,95,3,0,92,0,0,0,0,0
48277,TX,Lamar County,50088,4412,35708,6417,753,487,27,2284,38400,2679,28668,4756,534,375,18,1370,11688,1733,7040,1661,219,112,9,914,22644,20186,2458,666,516,120,0,396,0,150,133,0,17
48279,TX,Lamb County,13045,7449,5018,398,15,8,5,152,9511,4999,4088,294,13,5,5,107,3534,2450,930,104,2,3,0,45,5882,4864,1018,166,166,31,0,135,0,0,0,0,0
48281,TX,Lampasas County,21627,4179,15340,727,119,255,87,920,16856,2739,12578,588,98,211,64,578,4771,1440,2762,139,21,44,23,342,9704,8486,1218,202,182,44,25,113,0,20,0,0,20
48283,TX,La Salle County,6664,4908,1493,222,4,5,0,32,5268,3667,1350,218,3,5,0,25,1396,1241,143,4,1,0,0,7,2582,1857,725,1385,1385,1338,0,47,0,0,0,0,0
39133,OH,Portage County,161791,3505,140738,8113,239,3461,48,5687,132034,2505,116523,6232,211,2898,32,3633,29757,1000,24215,1881,28,563,16,2054,70672,65624,5048,7589,931,178,21,732,0,6658,6272,0,386
39139,OH,Richland County,124936,2615,105311,11419,198,853,62,4478,97883,1690,83841,9043,169,668,43,2429,27053,925,21470,2376,29,185,19,2049,54522,50303,4219,6976,6379,5383,144,852,0,597,374,0,223
39145,OH,Scioto County,74008,1052,68014,2102,256,298,13,2273,58128,592,53826,1794,214,235,13,1454,15880,460,14188,308,42,63,0,819,33108,29612,3496,3297,2294,1538,0,713,43,1003,745,0,258
39151,OH,Stark County,374853,10516,314785,29479,749,3364,110,15850,294899,6589,255089,21279,609,2625,84,8624,79954,3927,59696,8200,140,739,26,7226,166799,155392,11407,7606,3793,481,164,3148,0,3813,2816,0,997
39157,OH,Tuscarawas County,93263,3962,85781,753,119,324,30,2294,72057,2248,67447,552,101,255,17,1437,21206,1714,18334,201,18,69,13,857,40817,37711,3106,1037,835,69,10,756,0,202,0,0,202
39163,OH,Vinton County,12800,84,12300,46,24,24,0,322,9981,46,9634,33,21,22,0,225,2819,38,2666,13,3,2,0,97,5923,5170,753,71,71,0,0,71,0,0,0,0,0
40033,OK,Cotton County,5527,361,4127,70,481,29,9,450,4215,222,3303,59,361,20,9,241,1312,139,824,11,120,9,0,209,2689,2207,482,32,32,0,0,32,0,0,0,0,0
40039,OK,Custer County,28513,5384,18698,797,1703,302,4,1625,21464,3449,14961,644,1134,242,4,1030,7049,1935,3737,153,569,60,0,595,12932,10859,2073,1372,458,67,20,371,0,914,878,0,36
40045,OK,Ellis County,3749,340,3165,17,57,13,0,157,2891,203,2526,9,47,8,0,98,858,137,639,8,10,5,0,59,2128,1581,547,51,51,6,0,45,0,0,0,0,0
40051,OK,Grady County,54795,3520,42272,1313,2903,212,39,4536,41626,2194,33348,1079,2027,179,32,2767,13169,1326,8924,234,876,33,7,1769,23024,20416,2608,1627,937,681,0,256,0,690,645,0,45
40057,OK,Harmon County,2488,740,1409,149,53,7,0,130,1879,490,1173,113,27,7,0,69,609,250,236,36,26,0,0,61,1345,1002,343,47,47,9,0,38,0,0,0,0,0
40063,OK,Hughes County,13367,755,8149,742,2517,42,14,1148,10538,528,6807,684,1776,33,11,699,2829,227,1342,58,741,9,3,449,5766,4618,1148,1801,1733,1579,0,154,0,68,0,0,68
40069,OK,Johnston County,10272,581,6815,251,1585,58,5,977,7949,358,5608,231,1091,53,5,603,2323,223,1207,20,494,5,0,374,4682,3961,721,371,38,38,0,0,0,333,333,0,0
40075,OK,Kiowa County,8509,953,6197,320,504,49,3,483,6491,556,4996,249,371,30,3,286,2018,397,1201,71,133,19,0,197,4681,3553,1128,130,120,8,0,112,0,10,0,0,10
40081,OK,Lincoln County,33458,1137,26381,615,2288,124,14,2899,25422,639,20849,483,1566,103,14,1768,8036,498,5532,132,722,21,0,1131,14456,12954,1502,237,219,70,2,147,0,18,0,0,18
40087,OK,McClain County,41662,3699,31047,374,2654,220,37,3631,30780,2180,24123,266,1762,177,23,2249,10882,1519,6924,108,892,43,14,1382,16421,15235,1186,336,209,71,21,117,0,127,0,0,127
40093,OK,Major County,7782,784,6526,17,140,41,0,274,5832,456,5064,17,96,27,0,172,1950,328,1462,0,44,14,0,102,3713,3082,631,111,86,5,0,81,0,25,0,0,25
40099,OK,Murray County,13904,926,9526,165,1938,47,19,1283,10663,572,7815,144,1307,39,9,777,3241,354,1711,21,631,8,10,506,6508,5423,1085,404,404,18,0,386,0,0,0,0,0
40105,OK,Nowata County,9320,241,5901,106,1562,6,5,1499,7211,128,4952,89,1093,5,0,944,2109,113,949,17,469,1,5,555,4351,3794,557,109,68,11,0,57,0,41,0,0,41
40109,OK,Oklahoma County,796292,153498,414153,119287,22133,28228,1194,57799,601822,96601,341966,87858,16778,22291,831,35497,194470,56897,72187,31429,5355,5937,363,22302,352544,317334,35210,15945,8330,3622,176,4202,330,7615,4486,778,2351
40115,OK,Ottawa County,30285,1708,19058,299,5568,159,231,3262,23192,1009,15765,228,3765,123,126,2176,7093,699,3293,71,1803,36,105,1086,13714,11859,1855,977,293,12,0,241,40,684,596,0,88
40121,OK,Pittsburg County,43773,2266,28687,1245,6389,287,35,4864,34104,1387,23993,1094,4318,231,30,3051,9669,879,4694,151,2071,56,5,1813,22046,17339,4707,2058,1862,1475,18,369,0,196,165,0,31
40127,OK,Pushmataha County,10812,376,7449,72,1834,54,1,1026,8446,239,6196,56,1284,47,1,623,2366,137,1253,16,550,7,0,403,5672,4443,1229,118,118,53,0,65,0,0,0,0,0
40133,OK,Seminole County,23556,1176,14380,952,4422,82,9,2535,17777,655,11787,787,3024,72,8,1444,5779,521,2593,165,1398,10,1,1091,10712,8978,1734,622,394,92,0,302,0,228,200,0,28
40139,OK,Texas County,21384,10823,8388,998,163,455,1,556,15122,6900,6758,662,124,305,0,373,6262,3923,1630,336,39,150,1,183,8443,7376,1067,361,81,12,0,69,0,280,268,0,12
40145,OK,Wagoner County,80981,6137,53710,2725,8091,1434,30,8854,60513,3660,42978,2006,5473,979,18,5399,20468,2477,10732,719,2618,455,12,3455,32529,29964,2565,290,197,81,0,116,0,93,0,0,93
40151,OK,Woods County,8624,613,7104,233,245,76,1,352,6920,422,5815,209,201,65,1,207,1704,191,1289,24,44,11,0,145,4456,3346,1110,1009,557,454,0,103,0,452,440,0,12
41003,OR,Benton County,95184,8524,73806,1088,537,6449,279,4501,79692,6128,63010,906,423,5764,249,3212,15492,2396,10796,182,114,685,30,1289,40150,37447,2703,6464,241,28,43,165,5,6223,5453,0,770
41049,OR,Morrow County,12186,4988,6705,49,85,35,5,319,8842,3118,5363,34,65,34,1,227,3344,1870,1342,15,20,1,4,92,4717,4214,503,31,0,0,0,0,0,31,0,0,31
41053,OR,Polk County,87433,12730,66012,801,1596,1754,347,4193,67652,8137,53329,572,1160,1444,242,2768,19781,4593,12683,229,436,310,105,1425,33828,32135,1693,2063,552,35,25,440,52,1511,1100,0,411
41059,OR,Umatilla County,80075,22622,50616,726,2578,717,140,2676,60393,14363,41083,639,1960,575,94,1679,19682,8259,9533,87,618,142,46,997,31098,28372,2726,4549,4060,3691,0,352,17,489,0,0,489
41065,OR,Wasco County,26670,5017,19079,148,986,260,186,994,20973,3241,15887,106,732,225,127,655,5697,1776,3192,42,254,35,59,339,11996,10553,1443,670,411,96,12,303,0,259,0,0,259
41071,OR,Yamhill County,107722,17793,80988,1010,1360,1595,200,4776,84336,11734,66129,805,1064,1372,153,3079,23386,6059,14859,205,296,223,47,1697,40123,38011,2112,5385,2372,1854,39,479,0,3013,2246,0,767
44005,RI,Newport County,85643,5592,72154,2930,276,1612,54,3025,70890,3666,61598,2306,206,1326,43,1745,14753,1926,10556,624,70,286,11,1280,43422,36480,6942,3821,863,0,36,816,11,2958,1384,1219,355
42001,PA,Adams County,103852,7790,90697,1574,154,997,35,2605,83005,4865,74400,1247,135,820,21,1517,20847,2925,16297,327,19,177,14,1088,43007,40270,2737,3523,903,248,49,606,0,2620,2353,0,267
42007,PA,Beaver County,168215,3611,146002,11346,202,1091,57,5906,136115,2396,121052,8401,162,852,35,3217,32100,1215,24950,2945,40,239,22,2689,78944,71971,6973,2858,1250,78,34,1138,0,1608,717,0,891
42013,PA,Blair County,122822,1708,114277,2608,138,908,14,3169,98475,1116,92762,1916,122,733,14,1812,24347,592,21515,692,16,175,0,1357,55700,51227,4473,4117,1826,272,21,1462,71,2291,1504,0,787
42019,PA,Butler County,193763,3665,180300,2360,162,2868,39,4369,155325,2377,146236,1761,118,2227,34,2572,38438,1288,34064,599,44,641,5,1797,85019,78727,6292,4960,1950,243,99,1438,170,3010,2607,0,403
42025,PA,Carbon County,64749,3642,58108,1148,98,354,15,1384,52290,2254,47981,834,78,288,15,840,12459,1388,10127,314,20,66,0,544,34152,26850,7302,839,738,208,29,501,0,101,0,0,101
42031,PA,Clarion County,37241,387,35336,550,40,187,16,725,29966,280,28532,463,27,150,15,499,7275,107,6804,87,13,37,1,226,18829,15298,3531,1760,390,66,0,248,76,1370,1258,0,112
42037,PA,Columbia County,64727,2140,59346,923,76,770,18,1454,53098,1493,49250,706,55,622,16,956,11629,647,10096,217,21,148,2,498,29654,26386,3268,3592,624,155,0,469,0,2968,2750,0,218
42043,PA,Dauphin County,286401,31251,177588,49052,427,17393,98,10592,224493,20482,148241,36222,351,13142,87,5968,61908,10769,29347,12830,76,4251,11,4624,126514,116761,9753,6581,3054,1471,30,1543,10,3527,1555,0,1972
42049,PA,Erie County,270876,12030,222678,20225,360,6502,64,9017,214341,7450,182591,14385,314,4748,52,4801,56535,4580,40087,5840,46,1754,12,4216,119791,109371,10420,12478,5121,2876,92,2089,64,7357,5946,15,1396
42055,PA,Franklin County,155932,10764,133764,5183,250,1484,44,4443,120964,6584,106790,3756,212,1147,31,2444,34968,4180,26974,1427,38,337,13,1999,66368,62067,4301,1355,918,0,44,874,0,437,254,0,183
42061,PA,Huntingdon County,44092,852,39783,2293,50,229,10,875,36075,659,32458,2167,42,215,9,525,8017,193,7325,126,8,14,1,350,20807,16804,4003,4908,3733,3336,45,352,0,1175,1133,0,42
42067,PA,Juniata County,23509,908,21933,131,20,74,4,439,18343,557,17343,93,16,50,4,280,5166,351,4590,38,4,24,0,159,10431,9249,1182,280,233,0,0,233,0,47,0,0,47
42073,PA,Lawrence County,86070,1655,77379,3647,80,349,5,2955,69056,1032,63554,2578,64,280,5,1543,17014,623,13825,1069,16,69,0,1412,39492,35939,3553,2011,891,107,0,784,0,1120,811,0,309
42079,PA,Luzerne County,325594,46898,253088,14418,309,4067,75,6739,262455,30897,213912,10368,223,3200,52,3803,63139,16001,39176,4050,86,867,23,2936,150693,134551,16142,11094,6639,3512,265,2862,0,4455,3321,0,1134
42087,PA,Mifflin County,46143,979,43652,376,52,168,0,916,36057,578,34502,258,47,141,0,531,10086,401,9150,118,5,27,0,385,21313,18823,2490,642,522,136,0,385,1,120,0,0,120
42129,PA,Westmoreland County,354663,5230,327368,9346,320,3410,42,8947,289614,3412,271569,6785,258,2652,40,4898,65049,1818,55799,2561,62,758,2,4049,167776,152833,14943,6209,2921,583,189,2142,7,3288,2278,0,1010
45003,SC,Aiken County,168808,11526,109046,39742,539,1857,100,5998,132926,7504,89926,29842,443,1507,69,3635,35882,4022,19120,9900,96,350,31,2363,76923,69450,7473,2692,1466,383,20,1040,23,1226,741,0,485
45009,SC,Bamberg County,13311,141,5062,7762,25,76,2,243,10690,104,4186,6162,17,54,2,165,2621,37,876,1600,8,22,0,78,6558,5394,1164,842,107,14,0,81,12,735,564,0,171
45015,SC,Berkeley County,229861,20328,140893,52420,1059,5575,185,9401,173949,13037,111407,38774,856,4508,136,5231,55912,7291,29486,13646,203,1067,49,4170,93623,85539,8084,4336,1325,1043,43,239,0,3011,0,2631,380
45021,SC,Cherokee County,56216,2777,39867,11359,163,367,15,1668,43551,1752,31906,8559,136,277,7,914,12665,1025,7961,2800,27,90,8,754,24713,22349,2364,1208,467,220,0,247,0,741,609,0,132
45027,SC,Clarendon County,31144,907,15446,13857,123,233,8,570,25049,594,12834,10935,111,181,4,390,6095,313,2612,2922,12,52,4,180,15816,12610,3206,1283,1204,1034,49,121,0,79,0,0,79
45035,SC,Dorchester County,161540,10861,100604,38599,900,3397,204,6975,121251,6773,78764,28387,712,2618,144,3853,40289,4088,21840,10212,188,779,60,3122,64608,60242,4366,2007,1631,1186,90,355,0,376,0,0,376
45041,SC,Florence County,137059,4283,69641,57062,335,2370,50,3318,105699,2780,56406,42526,260,1785,34,1908,31360,1503,13235,14536,75,585,16,1410,60594,54627,5967,3287,1571,549,12,1010,0,1716,1200,0,516
45047,SC,Greenwood County,69351,4749,40976,20915,104,698,42,1867,54259,2967,33767,15787,89,553,23,1073,15092,1782,7209,5128,15,145,19,794,31323,28123,3200,2799,1064,552,81,431,0,1735,1541,0,194
17025,IL,Clay County,13288,223,12615,34,33,80,0,303,10245,131,9788,24,27,63,0,212,3043,92,2827,10,6,17,0,91,6145,5506,639,290,147,8,0,139,0,143,15,0,128
17029,IL,Coles County,46863,1768,40767,2110,84,641,25,1468,37724,1325,33190,1687,66,560,25,871,9139,443,7577,423,18,81,0,597,22739,19861,2878,2690,824,195,20,609,0,1866,1485,0,381
17031,IL,Cook County,5275541,1382778,2169976,1195777,6076,411738,1164,108032,4172402,986886,1840832,933248,4821,337762,971,67882,1103139,395892,329144,262529,1255,73976,193,40150,2264966,2086940,178026,80359,39552,5964,634,31515,1439,40807,26262,0,14545
17035,IL,Cumberland County,10450,112,10022,39,13,23,0,241,8062,79,7790,21,3,21,0,148,2388,33,2232,18,10,2,0,93,4728,4276,452,98,98,10,0,88,0,0,0,0,0
17037,IL,DeKalb County,100420,13597,72264,8857,122,2324,31,3225,77882,8950,58691,6202,101,2009,16,1913,22538,4647,13573,2655,21,315,15,1312,41311,38487,2824,4777,778,0,0,778,0,3999,3828,0,171
17041,IL,Douglas County,19740,1565,17526,77,28,107,6,431,14852,1025,13388,48,28,83,6,274,4888,540,4138,29,0,24,0,157,8469,7749,720,239,211,18,0,193,0,28,0,0,28
17045,IL,Edgar County,16866,225,16148,100,17,55,0,321,13394,145,12886,73,17,41,0,232,3472,80,3262,27,0,14,0,89,8236,7246,990,352,321,18,0,299,4,31,0,0,31
17047,IL,Edwards County,6245,63,6030,19,8,26,4,95,4814,42,4674,10,8,24,4,52,1431,21,1356,9,0,2,0,43,3041,2694,347,22,22,0,0,22,0,0,0,0,0
17051,IL,Fayette County,21488,657,19521,789,80,71,1,369,17041,551,15366,760,79,49,1,235,4447,106,4155,29,1,22,0,134,8829,7935,894,2419,2355,2200,0,155,0,64,0,0,64
17053,IL,Ford County,13534,554,12375,86,24,62,0,433,10501,312,9797,62,19,49,0,262,3033,242,2578,24,5,13,0,171,6265,5638,627,303,303,19,0,284,0,0,0,0,0
17057,IL,Fulton County,33609,738,30836,1121,60,80,6,768,26974,589,24728,1050,48,65,6,488,6635,149,6108,71,12,15,0,280,15855,14025,1830,1956,1921,1652,0,269,0,35,0,0,35
17059,IL,Gallatin County,4946,53,4714,26,5,23,0,125,3930,34,3779,25,5,11,0,76,1016,19,935,1,0,12,0,49,2497,2150,347,83,83,0,1,82,0,0,0,0,0
17063,IL,Grundy County,52533,5712,44147,878,49,479,17,1251,39383,3506,34128,606,41,374,10,718,13150,2206,10019,272,8,105,7,533,21174,20038,1136,218,204,23,0,181,0,14,0,0,14
17067,IL,Hancock County,17620,318,16704,81,38,61,4,414,13868,212,13291,56,25,47,0,237,3752,106,3413,25,13,14,4,177,8952,7556,1396,172,160,6,0,154,0,12,0,0,12
17069,IL,Hardin County,3649,65,3396,12,0,29,2,145,2985,32,2830,9,0,16,0,98,664,33,566,3,0,13,2,47,2196,1701,495,50,19,0,5,0,14,31,0,0,31
17073,IL,Henry County,49284,3170,43507,1058,69,202,13,1265,38047,1950,34452,744,48,152,5,696,11237,1220,9055,314,21,50,8,569,22211,20320,1891,756,712,328,0,384,0,44,0,0,44
17075,IL,Iroquois County,27077,2085,23909,235,40,110,0,698,21113,1262,19131,170,33,85,0,432,5964,823,4778,65,7,25,0,266,12779,11160,1619,387,366,19,40,307,0,21,0,0,21
17079,IL,Jasper County,9287,84,8992,27,19,17,4,144,7209,55,7009,15,16,16,1,97,2078,29,1983,12,3,1,3,47,4228,3801,427,118,52,3,0,49,0,66,0,0,66
17081,IL,Jefferson County,37113,899,31528,2817,78,361,7,1423,28846,572,25086,2063,72,283,2,768,8267,327,6442,754,6,78,5,655,16632,14945,1687,1695,1574,1313,35,226,0,121,0,0,121
17083,IL,Jersey County,21512,327,20300,166,21,78,3,617,17098,219,16260,123,21,61,3,411,4414,108,4040,43,0,17,0,206,9754,8652,1102,681,278,13,8,257,0,403,372,0,31
17085,IL,Jo Daviess County,22035,856,20524,129,32,104,6,384,17812,519,16900,81,24,80,3,205,4223,337,3624,48,8,24,3,179,13408,9827,3581,223,190,18,0,172,0,33,0,0,33
17087,IL,Johnson County,13308,552,10993,1425,20,19,4,295,10998,501,8860,1406,20,18,4,189,2310,51,2133,19,0,1,0,106,5526,4577,949,2451,2436,2388,0,48,0,15,0,0,15
17089,IL,Kane County,516522,169595,286742,26731,543,21399,127,11385,388814,113428,232593,19517,437,16553,107,6179,127708,56167,54149,7214,106,4846,20,5206,188510,180374,8136,5488,3465,482,328,2634,21,2023,1010,0,1013
17091,IL,Kankakee County,107502,12520,74712,15559,177,1109,15,3410,82954,7929,60707,11334,150,890,14,1930,24548,4591,14005,4225,27,219,1,1480,45270,41528,3742,3847,1408,332,122,802,152,2439,1667,0,772
17093,IL,Kendall County,131869,27127,86011,9885,125,4686,15,4020,93955,17131,64490,6819,99,3429,14,1973,37914,9996,21521,3066,26,1257,1,2047,45008,43534,1474,402,327,130,0,197,0,75,0,0,75
17095,IL,Knox County,49967,3051,40008,4423,75,388,13,2009,40028,2067,33093,3344,62,323,7,1132,9939,984,6915,1079,13,65,6,877,23817,20851,2966,3619,2267,1704,23,540,0,1352,990,0,362
17097,IL,Lake County,714342,171962,415507,48506,991,59366,360,17650,544037,116047,336889,36198,768,44235,291,9609,170305,55915,78618,12308,223,15131,69,8041,269378,253386,15992,19966,5042,623,300,4025,94,14924,2226,11079,1619
17099,IL,LaSalle County,109658,11456,91695,2611,156,895,10,2835,86518,7277,74637,2095,127,705,6,1671,23140,4179,17058,516,29,190,4,1164,49812,45203,4609,2891,2591,1731,25,835,0,300,0,0,300
17101,IL,Lawrence County,15280,514,12891,1404,13,61,7,390,12334,423,10220,1381,11,54,7,238,2946,91,2671,23,2,7,0,152,6279,5571,708,2267,2138,1995,0,143,0,129,0,0,129
17103,IL,Lee County,34145,2324,28796,1867,31,258,11,858,27405,1603,23314,1712,31,219,10,516,6740,721,5482,155,0,39,1,342,14985,13589,1396,2719,2548,2206,0,341,1,171,0,0,171
17105,IL,Livingston County,35815,1859,31772,1103,39,181,2,859,27963,1199,25134,973,28,149,0,480,7852,660,6638,130,11,32,2,379,15920,14396,1524,1796,1674,1309,0,365,0,122,0,0,122
17107,IL,Logan County,27987,818,24628,1516,49,186,1,789,22539,604,19870,1407,42,161,1,454,5448,214,4758,109,7,25,0,335,11984,10749,1235,3220,2899,2552,0,347,0,321,234,0,87
17109,IL,McDonough County,27238,962,23265,1520,48,569,6,868,22289,740,19263,1219,38,501,6,522,4949,222,4002,301,10,68,0,346,13609,11479,2130,2493,304,0,0,304,0,2189,2057,0,132
17111,IL,McHenry County,310229,46705,242313,4339,336,8787,52,7697,238877,30077,194188,2986,278,6891,41,4416,71352,16628,48125,1353,58,1896,11,3281,119708,114282,5426,1843,1532,288,0,1244,0,311,0,0,311
17113,IL,McLean County,170954,10524,130775,14947,270,8182,42,6214,134128,7086,106122,11021,199,6123,36,3541,36826,3438,24653,3926,71,2059,6,2673,74855,69096,5759,8588,900,165,16,688,31,7688,7490,0,198
17115,IL,Macon County,103998,2733,75968,19056,183,1562,33,4463,80964,1706,62262,13346,150,1177,29,2294,23034,1027,13706,5710,33,385,4,2169,49727,44549,5178,3001,1471,707,16,748,0,1530,1069,0,461
17117,IL,Macoupin County,44967,570,42339,394,110,185,0,1369,35590,353,33778,311,97,145,0,906,9377,217,8561,83,13,40,0,463,21023,18804,2219,868,557,86,0,471,0,311,224,0,87
17119,IL,Madison County,265859,10797,216599,25020,570,2828,100,9945,209140,7187,174893,18231,472,2267,76,6014,56719,3610,41706,6789,98,561,24,3931,118579,108607,9972,6684,2197,203,50,1834,110,4487,3464,0,1023
17123,IL,Marshall County,11742,323,10961,92,18,46,0,302,9305,201,8793,60,9,44,0,198,2437,122,2168,32,9,2,0,104,5819,4982,837,239,219,2,0,217,0,20,0,0,20
17125,IL,Mason County,13086,184,12427,54,24,27,1,369,10430,120,9983,33,24,26,0,244,2656,64,2444,21,0,1,1,125,6626,5657,969,174,160,22,0,138,0,14,0,0,14
17129,IL,Menard County,12297,160,11581,92,27,52,2,383,9507,91,9088,51,27,35,2,213,2790,69,2493,41,0,17,0,170,5591,5103,488,103,103,7,0,96,0,0,0,0,0
17131,IL,Mercer County,15699,468,14703,74,26,41,2,385,12289,277,11663,55,26,28,2,238,3410,191,3040,19,0,13,0,147,7291,6578,713,148,140,34,0,106,0,8,0,0,8
17135,IL,Montgomery County,28288,587,25957,925,49,134,7,629,22522,410,20662,878,40,114,7,411,5766,177,5295,47,9,20,0,218,12511,11155,1356,2366,2319,1866,0,453,0,47,0,0,47
17137,IL,Morgan County,32915,838,28736,2005,55,277,18,986,26419,617,23422,1550,47,202,15,566,6496,221,5314,455,8,75,3,420,15031,13511,1520,2467,1541,1065,0,416,60,926,541,0,385
17141,IL,Ogle County,51788,5797,43624,581,73,270,1,1442,39983,3654,34859,388,63,199,0,820,11805,2143,8765,193,10,71,1,622,22632,20870,1762,502,443,20,18,361,44,59,29,0,30
17145,IL,Perry County,20945,714,17925,1662,34,131,1,478,16873,541,14367,1552,31,102,0,280,4072,173,3558,110,3,29,1,198,9123,8014,1109,2256,2232,1993,10,220,9,24,0,0,24
17147,IL,Piatt County,16673,247,15752,96,24,86,2,466,12961,149,12393,55,20,61,2,281,3712,98,3359,41,4,25,0,185,7360,6818,542,221,137,0,0,137,0,84,0,0,84
17151,IL,Pope County,3763,71,3518,39,1,16,0,118,3068,49,2893,38,1,7,0,80,695,22,625,1,0,9,0,38,2355,1694,661,94,67,67,0,0,0,27,0,0,27
17153,IL,Pulaski County,5193,204,3285,1467,38,15,0,184,4127,180,2623,1172,30,14,0,108,1066,24,662,295,8,1,0,76,2831,2268,563,155,137,132,0,5,0,18,0,0,18
17157,IL,Randolph County,30163,1031,25776,2399,49,97,7,804,24201,721,20772,2116,40,80,5,467,5962,310,5004,283,9,17,2,337,13373,11693,1680,2870,2491,2203,0,288,0,379,0,0,379
17159,IL,Richland County,15813,273,14935,81,28,125,7,364,12246,146,11689,65,28,94,0,224,3567,127,3246,16,0,31,7,140,7364,6621,743,312,194,2,0,192,0,118,0,0,118
17163,IL,St. Clair County,257400,12582,152844,76541,504,3769,192,10968,197084,7875,123490,55930,394,3075,138,6182,60316,4707,29354,20611,110,694,54,4786,114595,103134,11461,4632,2563,1053,64,1430,16,2069,982,318,769
17167,IL,Sangamon County,196343,5309,152332,26053,364,4379,59,7847,153188,3462,123973,17820,297,3432,44,4160,43155,1847,28359,8233,67,947,15,3687,92982,84403,8579,3700,1529,307,76,1008,138,2171,1104,0,1067
17169,IL,Schuyler County,6902,152,6213,288,28,27,2,192,5621,95,5121,224,24,20,2,135,1281,57,1092,64,4,7,0,57,3320,2807,513,582,93,16,0,77,0,489,0,0,489
17173,IL,Shelby County,20990,213,20248,75,36,87,1,330,16515,128,16036,53,23,59,0,216,4475,85,4212,22,13,28,1,114,10015,8914,1101,187,164,16,6,142,0,23,0,0,23
17175,IL,Stark County,5400,132,5112,23,8,24,0,101,4217,79,4043,8,8,18,0,61,1183,53,1069,15,0,6,0,40,2577,2226,351,101,101,7,0,94,0,0,0,0,0
17179,IL,Tazewell County,131343,3161,121023,1728,283,1125,46,3977,101570,1936,94901,1247,238,847,35,2366,29773,1225,26122,481,45,278,11,1611,58550,53985,4565,2493,2177,1286,23,824,44,316,0,27,289
17181,IL,Union County,17244,867,15533,239,46,72,11,476,13732,537,12576,212,40,44,11,312,3512,330,2957,27,6,28,0,164,7841,6983,858,934,397,0,0,151,246,537,0,0,537
17185,IL,Wabash County,11361,178,10576,57,15,258,6,271,8864,103,8296,35,11,234,5,180,2497,75,2280,22,4,24,1,91,5409,4670,739,330,85,0,0,85,0,245,185,0,60
37103,NC,Jones County,9172,394,5839,2585,42,36,0,276,7481,254,4842,2163,36,35,0,151,1691,140,997,422,6,1,0,125,4635,3873,762,83,74,6,0,68,0,9,0,0,9
37105,NC,Lee County,63285,13122,36414,10798,240,686,49,1976,48392,8128,30050,8291,207,552,34,1130,14893,4994,6364,2507,33,134,15,846,26583,24575,2008,1029,854,416,0,438,0,175,0,0,175
37109,NC,Lincoln County,86810,6412,72293,4504,239,715,16,2631,68416,4261,58220,3594,189,552,14,1586,18394,2151,14073,910,50,163,2,1045,37170,34306,2864,800,642,218,0,424,0,158,0,0,158
37111,NC,McDowell County,44578,2947,38074,1747,138,402,1,1269,35805,1844,31236,1469,112,312,0,832,8773,1103,6838,278,26,90,1,437,21242,18058,3184,1437,1214,944,15,255,0,223,0,0,223
37115,NC,Madison County,21193,748,19423,217,57,92,3,653,17481,536,16115,211,52,80,3,484,3712,212,3308,6,5,12,0,169,11045,8920,2125,870,194,0,7,187,0,676,589,0,87
37117,NC,Martin County,22031,895,11610,8897,70,105,5,449,17615,546,9648,7009,42,80,5,285,4416,349,1962,1888,28,25,0,164,11080,9554,1526,194,184,0,4,180,0,10,0,0,10
37121,NC,Mitchell County,14903,701,13581,57,30,55,1,478,12246,447,11355,47,29,47,0,321,2657,254,2226,10,1,8,1,157,8638,6612,2026,140,74,0,1,73,0,66,44,0,22
37123,NC,Montgomery County,25751,3924,16580,4210,77,396,2,562,20177,2342,13820,3342,63,297,2,311,5574,1582,2760,868,14,99,0,251,14773,10333,4440,637,548,386,41,121,0,89,0,0,89
37125,NC,Moore County,99727,7365,76177,10689,698,1282,61,3455,78212,4573,61785,8351,531,1008,42,1922,21515,2792,14392,2338,167,274,19,1533,48237,41881,6356,988,915,0,29,886,0,73,0,0,73
37127,NC,Nash County,94970,7322,46794,36850,630,953,32,2389,74574,4680,38826,28363,493,732,28,1452,20396,2642,7968,8487,137,221,4,937,43154,39093,4061,1621,1240,770,14,453,3,381,188,0,193
37129,NC,New Hanover County,225702,17300,169181,27334,704,3593,155,7435,184113,11565,142794,21243,598,2913,128,4872,41589,5735,26387,6091,106,680,27,2563,113368,98109,15259,5830,1474,597,21,856,0,4356,3661,81,614
37131,NC,Northampton County,17471,353,6920,9693,45,36,4,420,14372,215,6037,7786,45,31,4,254,3099,138,883,1907,0,5,0,166,10570,7801,2769,335,317,21,0,296,0,18,0,0,18
37133,NC,Onslow County,204576,27641,131626,27455,1042,4681,793,11338,157467,19679,105047,20771,850,4037,650,6433,47109,7962,26579,6684,192,644,143,4905,84180,69576,14604,24059,594,237,24,255,78,23465,25,23246,194
37135,NC,Orange County,148696,15812,98257,15866,353,12737,48,5623,119527,10627,82049,12857,302,10300,36,3356,29169,5185,16208,3009,51,2437,12,2267,61211,57059,4152,11373,928,307,0,621,0,10445,9993,0,452
37137,NC,Pamlico County,12276,496,9178,2070,59,56,5,412,10478,353,7980,1798,47,51,5,244,1798,143,1198,272,12,5,0,168,7118,5193,1925,770,750,633,0,117,0,20,0,0,20
37139,NC,Pasquotank County,40568,2237,21881,14378,158,479,29,1406,31964,1447,17889,11291,128,398,29,782,8604,790,3992,3087,30,81,0,624,17410,15616,1794,2471,1435,1018,17,400,0,1036,826,148,62
37141,NC,Pender County,60203,4982,44956,7618,198,347,24,2078,46608,2998,35731,6222,166,247,21,1223,13595,1984,9225,1396,32,100,3,855,29927,22962,6965,1160,1124,742,12,279,91,36,0,0,36
37143,NC,Perquimans County,13005,309,9443,2698,35,42,7,471,10592,191,7854,2175,35,37,6,294,2413,118,1589,523,0,5,1,177,6866,5566,1300,105,71,0,0,71,0,34,0,0,34
37145,NC,Person County,39097,2195,25348,9920,249,138,9,1238,30963,1406,20773,7746,199,104,8,727,8134,789,4575,2174,50,34,1,511,18284,16176,2108,360,260,44,0,216,0,100,0,0,100
37147,NC,Pitt County,170243,12968,87790,60175,510,3144,98,5558,132273,8546,72410,44904,396,2525,78,3414,37970,4422,15380,15271,114,619,20,2144,80515,70016,10499,5122,1338,357,40,941,0,3784,3577,0,207
37149,NC,Polk County,19328,1026,16860,705,52,65,7,613,16204,658,14450,567,44,51,7,427,3124,368,2410,138,8,14,0,186,10775,8538,2237,440,414,52,0,349,13,26,0,0,26
37151,NC,Randolph County,144171,19051,109203,8750,674,2204,12,4277,112315,11931,88915,6774,580,1573,9,2533,31856,7120,20288,1976,94,631,3,1744,62024,57470,4554,1604,1201,448,62,691,0,403,13,0,390
37153,NC,Richmond County,42946,3072,23833,12835,1000,382,8,1816,33238,1868,19519,9713,762,294,8,1074,9708,1204,4314,3122,238,88,0,742,19605,17454,2151,963,882,716,5,151,10,81,0,0,81
37155,NC,Robeson County,116530,11757,29527,26379,43598,946,66,4257,88455,7223,24929,20310,32751,783,54,2405,28075,4534,4598,6069,10847,163,12,1852,48426,43402,5024,3941,1721,1060,38,623,0,2220,1916,0,304
37157,NC,Rockingham County,91096,6086,64662,16727,285,526,31,2779,72783,3752,53299,13430,238,410,29,1625,18313,2334,11363,3297,47,116,2,1154,43431,38740,4691,979,790,173,9,608,0,189,0,0,189
37159,NC,Rowan County,146875,15940,101140,22961,450,1571,74,4739,114968,9860,82966,17647,365,1249,46,2835,31907,6080,18174,5314,85,322,28,1904,63200,57433,5767,4109,2210,1174,97,939,0,1899,1539,0,360
37161,NC,Rutherford County,64444,3286,52448,5911,157,366,24,2252,51419,2033,43014,4671,131,283,20,1267,13025,1253,9434,1240,26,83,4,985,32444,26652,5792,1175,924,458,18,443,5,251,0,0,251
37163,NC,Sampson County,59036,12249,29953,14026,1006,234,19,1549,44936,7538,24463,11069,775,184,16,891,14100,4711,5490,2957,231,50,3,658,25481,22562,2919,1139,756,582,0,174,0,383,0,0,383
37165,NC,Scotland County,34174,1106,14379,13146,3706,355,16,1466,26845,832,12143,10043,2711,254,5,857,7329,274,2236,3103,995,101,11,609,14348,12870,1478,3275,2857,2613,0,243,1,418,384,0,34
37169,NC,Stokes County,44520,1456,39842,1642,141,166,11,1262,36049,953,32628,1379,122,140,11,816,8471,503,7214,263,19,26,0,446,21160,18893,2267,628,564,103,0,461,0,64,0,0,64
37171,NC,Surry County,71359,8496,58153,2459,134,392,12,1713,56438,5314,47616,1959,120,297,11,1121,14921,3182,10537,500,14,95,1,592,33436,29659,3777,950,661,150,4,507,0,289,0,0,289
37175,NC,Transylvania County,32986,1698,28781,1061,103,190,23,1130,27299,1124,24375,813,83,147,14,743,5687,574,4406,248,20,43,9,387,19025,14385,4640,869,229,13,0,216,0,640,510,0,130
37177,NC,Tyrrell County,3245,272,1896,937,5,44,3,88,2574,150,1584,760,2,39,0,39,671,122,312,177,3,5,3,49,1999,1444,555,17,0,0,0,0,0,17,0,0,17
37181,NC,Vance County,42578,3717,16364,21134,98,300,10,955,32871,2284,13755,15959,83,213,9,568,9707,1433,2609,5175,15,87,1,387,19276,17038,2238,479,345,116,9,220,0,134,0,0,134
37183,NC,Wake County,1129410,128241,655568,207231,2873,97634,502,37361,860079,84197,523204,157280,2198,71603,390,21207,269331,44044,132364,49951,675,26031,112,16154,462582,437043,25539,21136,6433,4032,91,2152,158,14703,11890,0,2813
37187,NC,Washington County,11003,371,5002,5366,15,41,3,205,8850,209,4305,4151,15,32,3,135,2153,162,697,1215,0,9,0,70,6039,4871,1168,169,161,18,3,140,0,8,0,0,8
37189,NC,Watauga County,54086,3521,45592,2218,87,989,14,1665,46590,2870,39441,2036,76,873,13,1281,7496,651,6151,182,11,116,1,384,32637,21413,11224,6969,209,59,0,150,0,6760,6573,0,187
37193,NC,Wilkes County,65969,4654,56578,2620,91,338,6,1682,52651,2855,46320,2112,71,269,2,1022,13318,1799,10258,508,20,69,4,660,31545,27612,3933,1051,967,416,75,476,0,84,0,0,84
37195,NC,Wilson County,78784,9024,36454,30003,244,931,12,2116,61055,5632,30221,23034,183,696,11,1278,17729,3392,6233,6969,61,235,1,838,36252,32222,4030,973,769,154,5,610,0,204,46,0,158
37199,NC,Yancey County,18470,1016,16740,118,57,49,1,489,15105,599,13940,96,48,43,1,378,3365,417,2800,22,9,6,0,111,11230,8120,3110,131,123,37,0,86,0,8,0,0,8
34001,NJ,Atlantic County,274534,53713,151452,39590,373,21778,93,7535,217993,36798,128687,30197,301,17347,70,4593,56541,16915,22765,9393,72,4431,23,2942,132038,106716,25322,5655,1713,394,32,1280,7,3942,2903,31,1008
34005,NJ,Burlington County,461860,40387,301126,76328,686,26453,290,16590,365405,27250,246933,60374,539,20398,217,9694,96455,13137,54193,15954,147,6055,73,6896,184775,174560,10215,11584,9744,7019,245,2480,0,1840,0,756,1084
34007,NJ,Camden County,523485,95255,283743,96255,744,32704,128,14656,406504,63392,234819,73410,607,25637,100,8539,116981,31863,48924,22845,137,7067,28,6117,212759,199373,13386,6454,4061,567,183,2947,364,2393,500,0,1893
34011,NJ,Cumberland County,154152,53054,67036,26625,922,2124,16,4375,118421,35993,56899,20362,765,1657,14,2731,35731,17061,10137,6263,157,467,2,1644,57119,52649,4470,10722,9531,8447,15,1069,0,1191,0,0,1191
34013,NJ,Essex County,863728,210353,251148,334426,1477,48684,331,17309,661508,151967,203663,256481,1119,37848,248,10182,202220,58386,47485,77945,358,10836,83,7127,334896,312913,21983,26662,13112,9263,122,3673,54,13550,9641,0,3909
34017,NJ,Hudson County,724854,293019,217006,75001,1299,125133,382,13014,582751,225167,184014,59366,859,104648,331,8366,142103,67852,32992,15635,440,20485,51,4648,312706,289408,23298,8158,3182,1326,16,1815,25,4976,3219,0,1757
34019,NJ,Hunterdon County,128947,10929,106276,3224,99,5759,11,2649,104020,7427,87865,2689,79,4484,10,1466,24927,3502,18411,535,20,1275,1,1183,51687,48978,2709,3592,2878,2040,15,788,35,714,0,0,714
34023,NJ,Middlesex County,863162,193687,341789,81677,1309,229376,277,15047,680009,138338,292248,64279,709,175298,246,8891,183153,55349,49541,17398,600,54078,31,6156,315521,300547,14974,22975,5296,1883,260,3116,37,17679,16020,0,1659
34025,NJ,Monmouth County,643615,80730,471253,40808,550,36644,141,13489,511670,55060,386769,32304,451,29055,117,7914,131945,25670,84484,8504,99,7589,24,5575,268912,244630,24282,6870,3287,410,7,2870,0,3583,1679,84,1820
34029,NJ,Ocean County,637229,66329,528355,18836,573,11819,138,11179,482600,44406,406802,14325,423,9640,105,6899,154629,21923,121553,4511,150,2179,33,4280,294429,238812,55617,6937,5262,206,3,4905,148,1675,484,15,1176
34031,NJ,Passaic County,524118,224030,208179,53205,762,30718,87,7137,403816,162368,170571,41501,558,24212,62,4544,120302,61662,37608,11704,204,6506,25,2593,185367,177075,8292,9579,2941,348,64,2529,0,6638,4411,0,2227
34035,NJ,Somerset County,345361,57379,181152,31463,348,67451,86,7482,271204,40896,150912,24550,231,50530,74,4011,74157,16483,30240,6913,117,16921,12,3471,131822,125598,6224,4032,2783,120,83,2163,417,1249,32,0,1217
34037,NJ,Sussex County,144221,14310,120255,3093,199,2998,18,3348,116445,9902,99521,2377,156,2459,12,2018,27776,4408,20734,716,43,539,6,1330,62709,55915,6794,1278,922,0,26,896,0,356,18,0,338
34041,NJ,Warren County,109632,12225,85704,5790,102,2957,38,2816,87819,8260,71273,4178,86,2353,27,1642,21813,3965,14431,1612,16,604,11,1174,46457,43327,3130,1682,738,71,27,640,0,944,504,0,440
18001,IN,Adams County,35809,1637,33243,188,81,140,4,516,24641,1038,23024,102,65,97,3,312,11168,599,10219,86,16,43,1,204,13172,12386,786,493,453,107,0,346,0,40,0,0,40
18005,IN,Bartholomew County,82208,7257,65050,1864,142,5431,47,2417,62440,4371,51155,1394,116,3966,33,1405,19768,2886,13895,470,26,1465,14,1012,35317,32607,2710,1249,739,206,38,495,0,510,333,0,177
18007,IN,Benton County,8719,629,7864,51,15,18,7,135,6554,378,6004,39,15,17,5,96,2165,251,1860,12,0,1,2,39,3783,3408,375,114,71,27,0,44,0,43,0,0,43
48287,TX,Lee County,17478,4479,10745,1641,47,61,1,504,13173,2800,8729,1261,40,48,1,294,4305,1679,2016,380,7,13,0,210,7860,6590,1270,352,334,22,210,102,0,18,0,0,18
48289,TX,Leon County,15719,2446,11786,936,55,117,7,372,12406,1556,9667,777,47,78,7,274,3313,890,2119,159,8,39,0,98,8895,6486,2409,42,39,39,0,0,0,3,0,0,3
48291,TX,Liberty County,91628,30797,50776,7154,295,509,15,2082,67304,19447,40111,5747,244,392,13,1350,24324,11350,10665,1407,51,117,2,732,33182,29469,3713,4906,4878,4573,0,305,0,28,0,0,28
48293,TX,Limestone County,22146,5013,12641,3656,73,167,18,578,17094,3166,10538,2843,58,139,5,345,5052,1847,2103,813,15,28,13,233,10368,8237,2131,1121,1036,611,31,359,35,85,0,0,85
48295,TX,Lipscomb County,3059,1123,1812,8,29,2,0,85,2304,737,1487,8,13,2,0,57,755,386,325,0,16,0,0,28,1558,1220,338,41,41,9,0,32,0,0,0,0,0
48297,TX,Live Oak County,11335,4790,6059,217,53,40,6,170,9296,3758,5114,204,41,37,3,139,2039,1032,945,13,12,3,3,31,5927,4067,1860,1503,1494,1350,0,144,0,9,0,0,9
48299,TX,Llano County,21243,2508,17779,112,116,128,4,596,18113,1679,15664,86,96,108,4,476,3130,829,2115,26,20,20,0,120,15242,9794,5448,175,146,0,0,146,0,29,0,0,29
48303,TX,Lubbock County,310639,109170,156953,25975,1459,9618,189,7275,237542,74950,128277,19905,1217,8109,144,4940,73097,34220,28676,6070,242,1509,45,2335,132209,119463,12746,11393,3867,2003,111,1279,474,7526,6770,0,756
48307,TX,McCulloch County,7630,2369,4956,103,7,40,0,155,5985,1643,4121,76,5,32,0,108,1645,726,835,27,2,8,0,47,4220,3231,989,75,75,23,0,52,0,0,0,0,0
48309,TX,McLennan County,260579,68587,141720,36495,916,4999,156,7706,197391,45305,115603,26572,750,4157,126,4878,63188,23282,26117,9923,166,842,30,2828,105817,96527,9290,10095,4528,1150,377,2765,236,5567,5270,0,297
48313,TX,Madison County,13455,3415,7085,2602,48,102,0,203,10701,2541,5777,2145,34,80,0,124,2754,874,1308,457,14,22,0,79,5054,4166,888,2419,2412,2306,0,106,0,7,0,0,7
48315,TX,Marion County,9725,389,6946,1859,70,53,0,408,8016,249,5927,1505,55,38,0,242,1709,140,1019,354,15,15,0,166,5540,4336,1204,109,109,16,0,93,0,0,0,0,0
48319,TX,Mason County,3953,883,2986,8,0,4,0,72,3202,632,2513,6,0,2,0,49,751,251,473,2,0,2,0,23,2467,1777,690,7,7,7,0,0,0,0,0,0,0
48321,TX,Matagorda County,36255,15455,15583,3773,100,713,8,623,27147,10368,12919,2785,85,599,2,389,9108,5087,2664,988,15,114,6,234,18476,13716,4760,373,324,51,19,254,0,49,0,0,49
48325,TX,Medina County,50748,25455,22679,1302,160,236,39,877,38971,18298,18562,1162,132,202,39,576,11777,7157,4117,140,28,34,0,301,19594,17359,2235,2146,2053,1805,0,203,45,93,20,0,73
48327,TX,Menard County,1962,662,1236,14,7,7,3,33,1602,501,1047,13,7,7,2,25,360,161,189,1,0,0,1,8,1329,865,464,35,35,6,0,29,0,0,0,0,0
48331,TX,Milam County,24754,6264,15604,2121,68,120,11,566,19070,4036,12888,1636,57,95,11,347,5684,2228,2716,485,11,25,0,219,11541,9711,1830,346,346,117,65,164,0,0,0,0,0
48333,TX,Mills County,4456,728,3540,26,14,8,0,140,3569,506,2924,9,14,5,0,111,887,222,616,17,0,3,0,29,2529,1843,686,157,157,31,44,82,0,0,0,0,0
48337,TX,Montague County,19965,2361,16536,81,158,89,8,732,15552,1483,13283,41,130,77,4,534,4413,878,3253,40,28,12,4,198,10248,8112,2136,222,188,41,0,147,0,34,0,0,34
48339,TX,Montgomery County,620443,164089,378113,35088,1936,21809,649,18759,458324,106583,296848,25067,1483,16411,465,11467,162119,57506,81265,10021,453,5398,184,7292,238489,219796,18693,4166,3625,2502,34,1086,3,541,0,0,541
48343,TX,Morris County,11973,1182,7764,2455,70,40,9,453,9300,697,6337,1925,53,29,9,250,2673,485,1427,530,17,11,0,203,5789,4963,826,94,94,20,0,74,0,0,0,0,0
48345,TX,Motley County,1063,153,868,7,0,0,0,35,841,91,714,6,0,0,0,30,222,62,154,1,0,0,0,5,703,472,231,0,0,0,0,0,0,0,0,0,0
48349,TX,Navarro County,52624,16049,27372,6348,165,409,736,1545,39248,10180,22347,4817,137,320,483,964,13376,5869,5025,1531,28,89,253,581,21385,18660,2725,1257,614,197,0,417,0,643,587,0,56
48351,TX,Newton County,12217,344,9313,2091,59,32,0,378,9672,222,7520,1609,49,27,0,245,2545,122,1793,482,10,5,0,133,6376,4979,1397,86,78,15,0,63,0,8,0,0,8
48355,TX,Nueces County,353178,217052,108273,13085,928,7877,288,5675,270056,157772,90518,10475,778,6267,228,4018,83122,59280,17755,2610,150,1610,60,1657,151255,130687,20568,7596,3851,1899,50,1711,191,3745,2322,126,1297
48357,TX,Ochiltree County,10015,5470,4304,19,31,30,3,158,6991,3490,3324,14,25,23,1,114,3024,1980,980,5,6,7,2,44,4332,3622,710,47,47,10,0,37,0,0,0,0,0
48361,TX,Orange County,84808,7265,65632,8068,345,1132,14,2352,64476,4737,51359,5744,287,863,8,1478,20332,2528,14273,2324,58,269,6,874,37313,32811,4502,520,449,123,0,326,0,71,0,0,71
48363,TX,Palo Pinto County,28409,5614,20978,573,153,219,14,858,22038,3684,17011,423,139,177,8,596,6371,1930,3967,150,14,42,6,262,15079,11250,3829,266,234,80,0,154,0,32,0,0,32
48367,TX,Parker County,148222,19819,119241,1772,883,1041,100,5366,111434,12475,92583,1284,697,835,72,3488,36788,7344,26658,488,186,206,28,1878,57427,53482,3945,1382,1016,263,34,719,0,366,244,0,122
48369,TX,Parmer County,9869,6504,3218,66,11,18,0,52,7029,4355,2556,52,11,16,0,39,2840,2149,662,14,0,2,0,13,3737,3332,405,120,120,20,0,100,0,0,0,0,0
48373,TX,Polk County,50123,7345,35264,4916,916,357,2,1323,40664,5248,29476,4099,670,293,1,877,9459,2097,5788,817,246,64,1,446,24622,18969,5653,3814,3776,3522,0,254,0,38,0,0,38
48375,TX,Potter County,118525,45193,51083,12169,645,6109,24,3302,88598,30459,42468,8842,531,4190,22,2086,29927,14734,8615,3327,114,1919,2,1216,48692,42756,5936,7179,6885,5630,26,1229,0,294,0,0,294
48379,TX,Rains County,12164,1109,10224,272,85,59,1,414,9646,703,8304,212,71,50,1,305,2518,406,1920,60,14,9,0,109,5816,4911,905,66,66,28,0,38,0,0,0,0,0
48381,TX,Randall County,140753,31583,96613,4690,806,2654,62,4345,106753,20601,77268,3340,643,2011,41,2849,34000,10982,19345,1350,163,643,21,1496,60599,55615,4984,2607,826,390,144,292,0,1781,1520,0,261
48385,TX,Real County,2758,692,1959,23,8,12,3,61,2282,482,1725,11,8,8,0,48,476,210,234,12,0,4,3,13,1656,1164,492,105,85,0,34,51,0,20,0,0,20
48387,TX,Red River County,11587,766,8569,1741,102,54,0,355,9279,473,7048,1394,76,49,0,239,2308,293,1521,347,26,5,0,116,6134,5085,1049,149,149,39,0,110,0,0,0,0,0
48391,TX,Refugio County,6741,3306,2887,404,18,31,1,94,5244,2412,2420,320,11,25,0,56,1497,894,467,84,7,6,1,38,3252,2632,620,77,77,26,0,51,0,0,0,0,0
48393,TX,Roberts County,827,50,727,2,2,0,0,46,626,29,565,2,2,0,0,28,201,21,162,0,0,0,0,18,430,339,91,0,0,0,0,0,0,0,0,0,0
48397,TX,Rockwall County,107819,20560,71103,8293,483,3351,77,3952,78525,13181,54302,5764,359,2548,52,2319,29294,7379,16801,2529,124,803,25,1633,38219,36326,1893,689,663,204,0,459,0,26,0,0,26
48399,TX,Runnels County,9900,3354,6122,137,39,31,6,211,7636,2283,5028,117,28,27,6,147,2264,1071,1094,20,11,4,0,64,4986,3953,1033,174,174,33,0,141,0,0,0,0,0
48403,TX,Sabine County,9894,393,8371,744,51,56,0,279,8063,251,6961,547,43,46,0,215,1831,142,1410,197,8,10,0,64,7563,4387,3176,122,114,0,0,114,0,8,0,0,8
48405,TX,San Augustine County,7918,639,5314,1772,19,36,0,138,6286,394,4429,1327,18,24,0,94,1632,245,885,445,1,12,0,44,4733,3257,1476,212,190,0,0,190,0,22,0,0,22
48409,TX,San Patricio County,68755,38220,27114,1056,202,876,67,1220,51377,26738,22132,819,157,671,40,820,17378,11482,4982,237,45,205,27,400,29424,24796,4628,367,333,219,0,114,0,34,0,0,34
48411,TX,San Saba County,5730,1749,3713,108,29,17,3,111,4606,1211,3167,107,22,16,0,83,1124,538,546,1,7,1,3,28,2832,2141,691,607,568,568,0,0,0,39,0,0,39
48415,TX,Scurry County,16932,7139,8717,607,60,86,5,318,12649,4731,7073,527,46,62,1,209,4283,2408,1644,80,14,24,4,109,6889,5925,964,1354,1093,1026,0,67,0,261,232,0,29
48417,TX,Shackelford County,3105,363,2639,20,8,14,0,61,2362,228,2072,7,6,11,0,38,743,135,567,13,2,3,0,23,1570,1265,305,38,30,3,27,0,0,8,0,0,8
48421,TX,Sherman County,2782,1315,1389,14,5,3,0,56,1974,841,1076,9,5,2,0,41,808,474,313,5,0,1,0,15,1150,990,160,29,29,6,0,23,0,0,0,0,0
48423,TX,Smith County,233479,47281,136008,38269,763,4213,81,6864,177458,30191,110209,28888,571,3221,58,4320,56021,17090,25799,9381,192,992,23,2544,97539,88567,8972,5530,2576,962,60,1539,15,2954,2368,0,586
48285,TX,Lavaca County,20337,3936,14704,1182,30,80,5,400,15681,2523,11985,866,21,56,5,225,4656,1413,2719,316,9,24,0,175,10456,8191,2265,392,376,22,0,354,0,16,0,0,16
48425,TX,Somervell County,9205,1687,7095,50,53,59,0,261,6968,1066,5611,28,41,36,0,186,2237,621,1484,22,12,23,0,75,3928,3411,517,143,143,0,0,143,0,0,0,0,0
48427,TX,Starr County,65920,64393,1287,55,10,116,1,58,46110,45030,917,43,3,76,0,41,19810,19363,370,12,7,40,1,17,22980,19868,3112,313,289,134,0,155,0,24,0,0,24
48429,TX,Stephens County,9101,2204,6315,249,36,68,1,228,7127,1459,5221,219,27,45,1,155,1974,745,1094,30,9,23,0,73,4654,3463,1191,636,625,596,0,29,0,11,0,0,11
48431,TX,Sterling County,1372,449,870,3,4,3,2,41,1015,309,676,3,2,1,2,22,357,140,194,0,2,2,0,19,579,494,85,38,38,0,0,38,0,0,0,0,0
48433,TX,Stonewall County,1245,226,967,18,3,5,0,26,1003,141,817,12,3,5,0,25,242,85,150,6,0,0,0,1,840,550,290,42,42,6,0,36,0,0,0,0,0
48435,TX,Sutton County,3372,2093,1218,13,6,8,0,34,2555,1495,1023,5,5,6,0,21,817,598,195,8,1,2,0,13,1878,1359,519,6,6,6,0,0,0,0,0,0,0
48437,TX,Swisher County,6971,3147,3244,411,18,14,0,137,5269,2153,2652,337,18,11,0,98,1702,994,592,74,0,3,0,39,3034,2490,544,610,610,581,0,29,0,0,0,0,0
48439,TX,Tarrant County,2110640,620907,920315,362246,7172,129074,4238,66688,1574046,414177,749476,261386,5699,99652,2913,40743,536594,206730,170839,100860,1473,29422,1325,25945,808364,760739,47625,27128,14599,7655,216,6728,0,12529,8361,361,3807
48441,TX,Taylor County,143208,34756,88409,11181,605,2869,168,5220,108565,22891,71381,8132,504,2309,131,3217,34643,11865,17028,3049,101,560,37,2003,60817,54489,6328,5913,1723,647,77,999,0,4190,2873,350,967
48443,TX,Terrell County,760,370,361,8,0,5,0,16,616,278,320,8,0,0,0,10,144,92,41,0,0,5,0,6,650,348,302,0,0,0,0,0,0,0,0,0,0
48445,TX,Terry County,11831,6569,4633,403,29,44,0,153,8582,4454,3623,350,23,39,0,93,3249,2115,1010,53,6,5,0,60,4789,4010,779,722,722,597,0,125,0,0,0,0,0
48447,TX,Throckmorton County,1440,145,1248,1,3,3,0,40,1128,92,1003,0,3,3,0,27,312,53,245,1,0,0,0,13,964,647,317,0,0,0,0,0,0,0,0,0,0
45053,SC,Jasper County,28791,5079,13198,9593,66,199,24,632,23102,3243,11727,7487,41,171,16,417,5689,1836,1471,2106,25,28,8,215,12862,11272,1590,1103,1068,977,0,91,0,35,0,0,35
45061,SC,Lee County,16531,295,5768,10065,53,36,0,314,13586,206,4955,8144,45,31,0,205,2945,89,813,1921,8,5,0,109,7549,6536,1013,1479,1421,1254,0,167,0,58,0,0,58
45067,SC,Marion County,29183,710,11167,16371,109,141,3,682,22841,427,9434,12367,79,103,3,428,6342,283,1733,4004,30,38,0,254,14253,12272,1981,193,149,62,0,87,0,44,0,0,44
45073,SC,Oconee County,78607,4384,65196,5195,178,614,17,3023,63579,2807,54184,4077,154,513,13,1831,15028,1577,11012,1118,24,101,4,1192,40788,33241,7547,703,483,139,54,288,2,220,29,0,191
45079,SC,Richland County,416147,26095,175004,189129,936,11566,444,12973,327481,18236,146806,143866,801,9351,314,8107,88666,7859,28198,45263,135,2215,130,4866,182408,165679,16729,26959,8053,5699,207,1852,295,18906,10228,7444,1234
45085,SC,Sumter County,105556,4302,47068,48757,347,1452,89,3541,81402,2857,38187,36797,272,1179,67,2043,24154,1445,8881,11960,75,273,22,1498,46753,41904,4849,2529,1339,703,29,607,0,1190,410,419,361
46003,SD,Aurora County,2747,219,2422,14,38,13,0,41,2037,149,1835,5,12,8,0,28,710,70,587,9,26,5,0,13,1260,1096,164,102,95,0,49,46,0,7,0,0,7
46009,SD,Bon Homme County,7003,117,6195,107,455,12,5,112,5707,90,5016,105,429,7,2,58,1296,27,1179,2,26,5,3,54,2810,2378,432,1372,1372,1234,0,138,0,0,0,0,0
46015,SD,Brule County,5247,106,4382,29,495,27,5,203,4014,75,3465,19,307,26,5,117,1233,31,917,10,188,1,0,86,2344,2024,320,410,139,0,0,139,0,271,0,0,271
46061,SD,Hanson County,3461,33,3344,9,6,2,0,67,2447,20,2376,7,3,2,0,39,1014,13,968,2,3,0,0,28,1279,1146,133,215,0,0,0,0,0,215,0,0,215
46067,SD,Hutchinson County,7427,157,7037,13,88,23,0,109,5540,110,5315,5,47,15,0,48,1887,47,1722,8,41,8,0,61,3212,2797,415,833,166,0,27,139,0,667,0,0,667
46073,SD,Jerauld County,1663,74,1553,0,11,3,0,22,1283,55,1198,0,11,1,0,18,380,19,355,0,0,2,0,4,952,747,205,29,29,0,0,29,0,0,0,0,0
46081,SD,Lawrence County,25768,922,23232,143,487,203,18,763,20823,602,19123,115,362,160,9,452,4945,320,4109,28,125,43,9,311,14163,11444,2719,1015,274,24,17,120,113,741,649,0,92
46087,SD,McCook County,5682,175,5317,11,51,6,0,122,4237,106,4021,6,34,4,0,66,1445,69,1296,5,17,2,0,56,2448,2159,289,204,109,0,0,109,0,95,0,0,95
46093,SD,Meade County,29852,1301,25667,448,785,284,50,1317,22354,800,19695,353,530,225,40,711,7498,501,5972,95,255,59,10,606,12357,11365,992,996,192,24,0,135,33,804,0,754,50
46099,SD,Minnehaha County,197214,12034,157292,11584,4817,4639,74,6774,148004,7286,123530,7132,3277,3470,69,3240,49210,4748,33762,4452,1540,1169,5,3534,83717,78715,5002,5199,3359,1886,294,1120,59,1840,842,0,998
46103,SD,Pennington County,109222,5575,83861,1480,10936,1509,84,5777,84782,3486,68463,1158,7155,1225,73,3222,24440,2089,15398,322,3781,284,11,2555,49153,44909,4244,3949,2554,1390,73,1069,22,1395,1002,0,393
46111,SD,Sanborn County,2330,57,2192,0,20,9,0,52,1767,40,1679,0,13,2,0,33,563,17,513,0,7,7,0,19,1134,936,198,45,45,0,0,45,0,0,0,0,0
46119,SD,Sully County,1446,42,1346,5,10,6,0,37,1140,31,1078,5,4,0,0,22,306,11,268,0,6,6,0,15,892,635,257,0,0,0,0,0,0,0,0,0,0
46125,SD,Turner County,8673,249,8153,47,54,16,2,152,6413,138,6138,20,32,15,2,68,2260,111,2015,27,22,1,0,84,3871,3467,404,240,138,0,0,132,6,102,0,0,102
46135,SD,Yankton County,23310,1234,20372,325,639,134,9,597,18382,853,16388,278,447,111,4,301,4928,381,3984,47,192,23,5,296,10372,9435,937,1862,1306,782,0,427,97,556,272,0,284
47003,TN,Bedford County,50237,7665,36821,3616,130,359,14,1632,37654,4543,29075,2784,104,266,13,869,12583,3122,7746,832,26,93,1,763,19685,18350,1335,1019,747,592,13,142,0,272,56,0,216
47009,TN,Blount County,135280,5709,119116,3683,357,1331,26,5058,107665,3591,96615,2848,271,1027,25,3288,27615,2118,22501,835,86,304,1,1770,59776,54720,5056,2186,1113,506,11,580,16,1073,659,0,414
47015,TN,Cannon County,14506,395,13425,204,25,42,4,411,11408,261,10643,166,22,41,4,271,3098,134,2782,38,3,1,0,140,6355,5856,499,120,108,42,0,66,0,12,0,0,12
47021,TN,Cheatham County,41072,1839,36681,858,93,199,26,1376,32259,1176,29248,661,83,139,20,932,8813,663,7433,197,10,60,6,444,16785,15706,1079,349,224,80,0,144,0,125,0,0,125
47027,TN,Clay County,7581,130,7220,77,17,5,1,131,6038,86,5771,67,17,5,0,92,1543,44,1449,10,0,0,1,39,3941,3264,677,85,72,16,0,56,0,13,0,0,13
47033,TN,Crockett County,13911,1498,10137,1891,20,34,1,330,10643,916,8050,1456,12,27,1,181,3268,582,2087,435,8,7,0,149,6071,5565,506,226,226,55,0,171,0,0,0,0,0
47039,TN,Decatur County,11435,358,10512,282,9,44,5,225,9122,226,8480,232,9,36,5,134,2313,132,2032,50,0,8,0,91,6557,4894,1663,181,181,39,0,142,0,0,0,0,0
47087,TN,Jackson County,11617,245,10885,38,35,20,0,394,9418,160,8915,30,26,14,0,273,2199,85,1970,8,9,6,0,121,5819,4907,912,126,126,93,0,33,0,0,0,0,0
47093,TN,Knox County,478971,28568,377888,40545,1117,12106,311,18436,378602,18306,307958,30049,929,9706,217,11437,100369,10262,69930,10496,188,2400,94,6999,210972,195165,15807,14002,3217,1115,112,1937,53,10785,8559,0,2226
47099,TN,Lawrence County,44159,1117,40632,733,99,181,2,1395,33353,680,31037,519,86,143,0,888,10806,437,9595,214,13,38,2,507,18658,17075,1583,575,538,223,0,315,0,37,0,0,37
47105,TN,Loudon County,54886,5356,46788,631,97,472,4,1538,44686,3297,39402,467,75,372,3,1070,10200,2059,7386,164,22,100,1,468,24559,22698,1861,497,340,72,0,268,0,157,0,0,157
47111,TN,Macon County,25216,1684,22587,129,60,53,11,692,19078,1002,17421,97,55,48,3,452,6138,682,5166,32,5,5,8,240,10649,9679,970,328,328,182,0,146,0,0,0,0,0
47117,TN,Marshall County,34318,2235,28562,2050,105,153,8,1205,26287,1393,22392,1606,84,124,5,683,8031,842,6170,444,21,29,3,522,14302,13279,1023,312,302,129,0,173,0,10,0,0,10
47123,TN,Monroe County,46250,1937,41530,757,142,203,3,1678,36473,1172,33229,608,112,173,2,1177,9777,765,8301,149,30,30,1,501,21286,18746,2540,436,409,171,0,220,18,27,0,0,27
47129,TN,Morgan County,21035,299,19131,991,55,52,8,499,16898,184,15280,970,45,38,8,373,4137,115,3851,21,10,14,0,126,8502,7457,1045,2211,2157,2092,0,65,0,54,0,0,54
47135,TN,Perry County,8366,127,7772,200,42,28,1,196,6570,87,6142,169,30,26,1,115,1796,40,1630,31,12,2,0,81,4797,3413,1384,146,146,50,0,96,0,0,0,0,0
47141,TN,Putnam County,79854,6256,67337,2227,172,1114,36,2712,63201,3822,54690,1853,144,910,32,1750,16653,2434,12647,374,28,204,4,962,35295,32125,3170,3084,576,257,41,278,0,2508,2441,0,67
47147,TN,Robertson County,72803,6878,57610,5188,142,489,24,2472,55560,4227,45437,3875,122,362,22,1515,17243,2651,12173,1313,20,127,2,957,28459,26885,1574,807,690,477,0,213,0,117,0,0,117
47155,TN,Sevier County,98380,8614,84446,845,315,1135,25,3000,78359,5345,69055,676,258,916,24,2085,20021,3269,15391,169,57,219,1,915,56240,39520,16720,647,518,176,107,235,0,129,22,0,107
47161,TN,Stewart County,13657,336,12448,185,75,81,5,527,10756,204,9905,145,70,76,5,351,2901,132,2543,40,5,5,0,176,6669,5470,1199,235,235,167,0,68,0,0,0,0,0
47167,TN,Tipton County,60970,1686,45433,10835,184,416,40,2376,46052,1023,35034,8032,154,317,29,1463,14918,663,10399,2803,30,99,11,913,23945,22563,1382,876,876,667,0,209,0,0,0,0,0
47173,TN,Union County,19802,404,18784,64,33,40,5,472,15355,248,14646,41,33,38,5,344,4447,156,4138,23,0,2,0,128,9569,7794,1775,129,115,55,0,60,0,14,0,0,14
47179,TN,Washington County,133001,6136,113704,5725,299,2051,57,5029,107694,4054,93950,4593,262,1605,49,3181,25307,2082,19754,1132,37,446,8,1848,60546,55428,5118,5311,1220,535,42,643,0,4091,3431,0,660
47185,TN,White County,27351,736,25023,424,76,138,10,944,21367,509,19727,325,62,102,10,632,5984,227,5296,99,14,36,0,312,11938,10865,1073,300,300,134,0,166,0,0,0,0,0
49001,UT,Beaver County,7072,1066,5738,25,70,33,21,119,4910,689,4041,25,53,27,4,71,2162,377,1697,0,17,6,17,48,2863,2276,587,367,367,344,0,23,0,0,0,0,0
49007,UT,Carbon County,20412,2677,16917,64,202,70,29,453,15185,1759,12863,61,148,56,17,281,5227,918,4054,3,54,14,12,172,9579,7950,1629,314,139,58,3,78,0,175,88,0,87
49013,UT,Duchesne County,19596,1285,16825,33,880,73,39,461,13268,755,11585,15,593,50,29,241,6328,530,5240,18,287,23,10,220,8725,6511,2214,195,166,91,0,75,0,29,0,0,29
50001,VT,Addison County,37363,1153,33985,378,81,606,11,1149,31009,918,28306,321,65,547,10,842,6354,235,5679,57,16,59,1,307,17385,14906,2479,2998,223,0,0,223,0,2775,2595,0,180
50007,VT,Chittenden County,168323,4751,145224,5012,300,7321,54,5661,138600,3544,122089,3319,245,5734,52,3617,29723,1207,23135,1693,55,1587,2,2044,73085,69052,4033,9866,888,94,60,718,16,8978,8115,0,863
50013,VT,Grand Isle County,7293,127,6774,53,41,33,0,265,6023,76,5655,33,36,29,0,194,1270,51,1119,20,5,4,0,71,5265,3170,2095,0,0,0,0,0,0,0,0,0,0
50019,VT,Orleans County,27393,462,25501,153,202,125,1,949,22135,299,20811,112,169,105,0,639,5258,163,4690,41,33,20,1,310,16376,11698,4678,761,586,360,0,226,0,175,124,0,51
50025,VT,Windham County,45905,1333,41746,571,102,521,9,1623,37893,910,34965,444,87,427,7,1053,8012,423,6781,127,15,94,2,570,29916,20388,9528,1820,221,0,12,209,0,1599,1178,0,421
51003,VA,Albemarle County,112395,8453,81516,10010,106,8297,48,3965,89545,5602,66582,7927,88,7051,33,2262,22850,2851,14934,2083,18,1246,15,1703,47291,43468,3823,7481,1546,319,18,1201,8,5935,5709,0,226
51009,VA,Amherst County,31307,838,23180,5392,245,201,27,1424,24919,538,18831,4418,186,149,18,779,6388,300,4349,974,59,52,9,645,14232,12746,1486,714,111,0,0,111,0,603,443,0,160
51015,VA,Augusta County,77487,2728,68804,3136,135,486,30,2168,62017,1752,55798,2681,118,374,26,1268,15470,976,13006,455,17,112,4,900,32590,30233,2357,3004,2856,2371,35,207,243,148,0,0,148
51021,VA,Bland County,6270,60,5886,169,0,5,0,150,5328,40,5019,168,0,4,0,97,942,20,867,1,0,1,0,53,3200,2505,695,672,672,623,0,49,0,0,0,0,0
51027,VA,Buchanan County,20355,177,19267,624,20,52,1,214,16787,125,15942,495,15,45,1,164,3568,52,3325,129,5,7,0,50,10323,8483,1840,1297,1267,948,185,134,0,30,0,0,30
17187,IL,Warren County,16835,1789,13614,601,32,334,15,450,13253,1139,11135,472,26,212,15,254,3582,650,2479,129,6,122,0,196,7602,6720,882,863,106,9,0,97,0,757,739,0,18
17191,IL,Wayne County,16179,182,15500,101,26,53,5,312,12412,114,11977,54,26,40,1,200,3767,68,3523,47,0,13,4,112,7679,6774,905,153,118,0,10,108,0,35,0,0,35
17195,IL,Whiteside County,55691,7131,46067,780,62,326,10,1315,43617,4681,37350,557,53,259,4,713,12074,2450,8717,223,9,67,6,602,25855,23556,2299,959,725,80,0,630,15,234,70,0,164
17197,IL,Will County,696355,130851,424631,80090,742,42746,100,17195,526087,86438,338009,59910,559,31553,77,9541,170268,44413,86622,20180,183,11193,23,7654,250678,240009,10669,8594,6224,3542,85,2579,18,2370,712,0,1658
17201,IL,Winnebago County,285350,40952,186272,38706,572,8095,72,10681,220036,26304,154602,26725,454,6205,59,5687,65314,14648,31670,11981,118,1890,13,4994,124983,115459,9524,3592,2597,579,130,1888,0,995,343,0,652
17203,IL,Woodford County,38467,740,36129,299,43,227,11,1018,28999,409,27608,196,35,180,10,561,9468,331,8521,103,8,47,1,457,15704,14616,1088,913,577,49,0,528,0,336,292,0,44
19003,IA,Adams County,3704,42,3558,16,15,15,0,58,2891,21,2802,9,11,13,0,35,813,21,756,7,4,2,0,23,1888,1614,274,74,35,0,0,35,0,39,0,0,39
19005,IA,Allamakee County,14061,1221,12488,153,14,44,5,136,10782,697,9860,90,11,38,5,81,3279,524,2628,63,3,6,0,55,7668,5797,1871,233,187,4,0,183,0,46,0,0,46
19009,IA,Audubon County,5674,86,5466,18,5,4,1,94,4437,47,4326,9,3,4,0,48,1237,39,1140,9,2,0,1,46,2787,2498,289,103,103,5,0,98,0,0,0,0,0
19013,IA,Black Hawk County,131144,6448,102061,13702,223,3453,850,4407,102527,3990,83575,9546,188,2475,493,2260,28617,2458,18486,4156,35,978,357,2147,58559,54223,4336,4508,1381,302,0,1079,0,3127,3023,0,104
19015,IA,Boone County,26715,709,24958,305,51,107,4,581,20533,393,19524,159,33,80,3,341,6182,316,5434,146,18,27,1,240,11921,10981,940,729,571,32,198,341,0,158,0,0,158
19019,IA,Buchanan County,20565,338,19706,74,19,54,11,363,15150,200,14617,62,15,45,4,207,5415,138,5089,12,4,9,7,156,8886,8198,688,138,138,23,0,65,50,0,0,0,0
19023,IA,Butler County,14334,183,13839,31,16,30,1,234,11127,108,10830,24,16,25,1,123,3207,75,3009,7,0,5,0,111,6536,5992,544,206,206,1,0,205,0,0,0,0,0
19025,IA,Calhoun County,9927,236,9297,156,22,26,8,182,7806,149,7364,143,20,18,8,104,2121,87,1933,13,2,8,0,78,4771,4070,701,699,621,478,0,143,0,78,0,0,78
19029,IA,Cass County,13127,306,12423,35,17,39,78,229,10235,178,9813,30,17,24,45,128,2892,128,2610,5,0,15,33,101,6398,5818,580,180,174,0,0,174,0,6,0,0,6
19031,IA,Cedar County,18505,462,17494,92,41,68,2,346,14283,283,13646,53,33,54,2,212,4222,179,3848,39,8,14,0,134,8190,7594,596,265,240,6,0,234,0,25,0,0,25
19035,IA,Cherokee County,11658,530,10760,95,24,60,14,175,9132,313,8609,68,12,37,10,83,2526,217,2151,27,12,23,4,92,5558,5008,550,402,256,11,12,216,17,146,0,0,146
19037,IA,Chickasaw County,12012,481,11246,77,7,29,0,172,9183,302,8722,37,0,29,0,93,2829,179,2524,40,7,0,0,79,5534,5022,512,195,153,1,0,152,0,42,0,0,42
19041,IA,Clay County,16384,704,15152,102,37,106,2,281,12704,402,11955,77,30,89,1,150,3680,302,3197,25,7,17,1,131,8109,7222,887,283,214,13,0,201,0,69,42,0,27
19045,IA,Clinton County,46460,1539,41699,1433,104,271,11,1403,35887,874,33027,948,85,218,10,725,10573,665,8672,485,19,53,1,678,21517,19483,2034,659,410,23,0,328,59,249,45,0,204
19047,IA,Crawford County,16525,4912,10702,390,31,306,6,178,12099,2841,8653,259,25,217,4,100,4426,2071,2049,131,6,89,2,78,6855,6255,600,466,167,14,0,153,0,299,0,0,299
19051,IA,Davis County,9110,144,8807,14,11,16,0,118,6384,95,6187,12,11,16,0,63,2726,49,2620,2,0,0,0,55,3579,3258,321,92,92,0,0,92,0,0,0,0,0
19053,IA,Decatur County,7645,211,7075,103,17,42,21,176,5873,167,5450,82,17,34,21,102,1772,44,1625,21,0,8,0,74,3653,2986,667,467,87,2,0,85,0,380,380,0,0
19057,IA,Des Moines County,38910,1245,33066,2539,68,414,22,1556,30442,764,26872,1679,49,311,12,755,8468,481,6194,860,19,103,10,801,18782,16751,2031,513,260,75,0,185,0,253,124,0,129
19059,IA,Dickinson County,17703,406,16876,82,14,83,1,241,14332,232,13838,54,14,67,0,127,3371,174,3038,28,0,16,1,114,13691,7976,5715,311,267,5,2,260,0,44,0,0,44
19061,IA,Dubuque County,99266,2977,87930,4121,136,1049,816,2237,76916,1931,69807,2644,113,876,468,1077,22350,1046,18123,1477,23,173,348,1160,42630,39891,2739,4157,1409,194,22,1168,25,2748,2178,31,539
19063,IA,Emmet County,9388,887,8190,96,31,33,3,148,7330,521,6607,72,20,33,3,74,2058,366,1583,24,11,0,0,74,4475,3972,503,361,172,5,0,167,0,189,173,0,16
19065,IA,Fayette County,19509,520,18182,214,40,81,2,470,15310,315,14496,169,30,64,0,236,4199,205,3686,45,10,17,2,234,9298,8174,1124,871,420,85,0,335,0,451,408,0,43
19067,IA,Floyd County,15627,550,14001,418,29,298,12,319,11969,321,11025,233,14,226,2,148,3658,229,2976,185,15,72,10,171,7314,6674,640,230,147,0,0,147,0,83,0,0,83
19069,IA,Franklin County,10019,1634,8103,38,18,52,0,174,7668,958,6551,22,8,35,0,94,2351,676,1552,16,10,17,0,80,4656,4141,515,166,144,0,0,144,0,22,0,0,22
19071,IA,Fremont County,6605,190,6213,15,19,10,5,153,5121,126,4870,9,19,6,4,87,1484,64,1343,6,0,4,1,66,3110,2720,390,98,92,15,0,77,0,6,0,0,6
19073,IA,Greene County,8771,256,8252,25,15,54,1,168,6818,156,6507,9,11,35,1,99,1953,100,1745,16,4,19,0,69,4309,3802,507,113,97,11,0,41,45,16,0,0,16
19075,IA,Grundy County,12329,145,11891,47,10,26,2,208,9393,82,9140,20,6,26,0,119,2936,63,2751,27,4,0,2,89,5465,5069,396,150,98,0,0,95,3,52,0,0,52
19077,IA,Guthrie County,10623,274,10059,41,22,43,16,168,8232,162,7891,19,15,31,14,100,2391,112,2168,22,7,12,2,68,5773,4529,1244,108,98,11,0,87,0,10,0,0,10
19079,IA,Hamilton County,15039,1465,12832,97,25,317,0,303,11564,873,10233,65,21,207,0,165,3475,592,2599,32,4,110,0,138,7037,6283,754,241,220,15,0,205,0,21,0,0,21
19081,IA,Hancock County,10795,614,9890,77,22,25,2,165,8405,355,7863,40,21,17,0,109,2390,259,2027,37,1,8,2,56,5113,4585,528,196,183,0,0,183,0,13,0,0,13
19083,IA,Hardin County,16878,818,15414,152,25,97,2,370,13066,508,12172,81,23,71,1,210,3812,310,3242,71,2,26,1,160,8032,7070,962,663,411,49,87,275,0,252,222,0,30
19085,IA,Harrison County,14582,293,13930,34,25,52,0,248,11168,152,10785,26,13,35,0,157,3414,141,3145,8,12,17,0,91,6665,5951,714,268,255,1,0,254,0,13,0,0,13
19087,IA,Henry County,20482,1083,17823,526,61,459,8,522,16167,699,14324,437,47,358,8,294,4315,384,3499,89,14,101,0,228,8398,7746,652,2004,1318,1044,20,254,0,686,656,0,30
19089,IA,Howard County,9469,258,8982,29,33,29,7,131,7093,148,6813,20,23,24,5,60,2376,110,2169,9,10,5,2,71,4314,3945,369,137,136,1,0,135,0,1,0,0,1
19091,IA,Humboldt County,9597,430,8914,58,16,26,8,145,7266,230,6885,33,10,20,2,86,2331,200,2029,25,6,6,6,59,4571,4073,498,159,126,3,0,100,23,33,0,0,33
19093,IA,Ida County,7005,255,6612,32,0,20,11,75,5399,157,5155,22,0,19,3,43,1606,98,1457,10,0,1,8,32,3352,2940,412,162,162,3,0,159,0,0,0,0,0
19095,IA,Iowa County,16662,495,15542,128,30,90,3,374,12763,282,12126,88,27,75,1,164,3899,213,3416,40,3,15,2,210,7341,6811,530,341,193,16,0,177,0,148,0,0,148
19097,IA,Jackson County,19485,237,18517,155,34,52,190,300,15254,146,14648,85,22,40,132,181,4231,91,3869,70,12,12,58,119,9241,8305,936,211,151,10,0,141,0,60,0,0,60
19101,IA,Jefferson County,15663,610,13604,433,44,513,9,450,12724,411,11198,370,32,418,5,290,2939,199,2406,63,12,95,4,160,7689,6902,787,780,252,0,0,252,0,528,507,0,21
19103,IA,Johnson County,152854,10198,116207,12866,206,8649,44,4684,122084,7241,96243,8383,167,7213,43,2794,30770,2957,19964,4483,39,1436,1,1890,65916,61335,4581,9395,1722,875,0,847,0,7673,7303,0,370
19107,IA,Keokuk County,10033,215,9556,49,4,17,0,192,7654,129,7364,26,4,11,0,120,2379,86,2192,23,0,6,0,72,4654,4174,480,128,102,5,0,97,0,26,0,0,26
19111,IA,Lee County,33555,1110,30123,923,49,146,12,1192,26398,751,24055,769,46,123,10,644,7157,359,6068,154,3,23,2,548,15858,14036,1822,1187,1159,677,10,472,0,28,17,0,11
19113,IA,Linn County,230299,8911,190016,16470,394,5438,526,8544,176911,5654,151451,10824,316,4101,311,4254,53388,3257,38565,5646,78,1337,215,4290,101230,94751,6479,5326,2296,401,183,1712,0,3030,2532,0,498
19117,IA,Lucas County,8634,198,8240,19,6,31,2,138,6614,138,6355,14,4,16,0,87,2020,60,1885,5,2,15,2,51,4058,3608,450,51,36,0,1,35,0,15,0,0,15
19119,IA,Lyon County,11934,407,11243,45,20,25,43,151,8487,241,8098,14,15,25,32,62,3447,166,3145,31,5,0,11,89,4817,4466,351,185,172,18,0,154,0,13,0,0,13
19123,IA,Mahaska County,22190,480,20444,392,41,255,17,561,16933,307,15787,286,32,203,14,304,5257,173,4657,106,9,52,3,257,9680,8799,881,771,312,4,0,305,3,459,380,0,79
19127,IA,Marshall County,40105,9140,27676,803,154,1520,33,779,30017,5422,22490,553,110,984,26,432,10088,3718,5186,250,44,536,7,347,16745,15358,1387,1072,850,140,0,710,0,222,152,0,70
19129,IA,Mills County,14484,461,13507,97,21,51,10,337,10925,243,10349,57,21,40,6,209,3559,218,3158,40,0,11,4,128,6110,5512,598,294,71,0,9,62,0,223,0,0,223
19133,IA,Monona County,8751,236,8103,36,146,30,2,198,6822,152,6421,23,88,26,2,110,1929,84,1682,13,58,4,0,88,4373,3839,534,153,153,10,0,143,0,0,0,0,0
19135,IA,Monroe County,7577,117,7268,33,12,19,3,125,5796,61,5622,28,6,18,1,60,1781,56,1646,5,6,1,2,65,3636,3116,520,93,93,16,0,77,0,0,0,0,0
19139,IA,Muscatine County,43235,7769,32974,1120,59,422,1,890,32767,4918,26286,708,47,323,0,485,10468,2851,6688,412,12,99,1,405,18366,16908,1458,729,589,196,0,393,0,140,55,0,85
19143,IA,Osceola County,6192,603,5376,31,18,22,36,106,4782,389,4259,21,13,22,24,54,1410,214,1117,10,5,0,12,52,2878,2599,279,107,78,0,0,78,0,29,0,0,29
19145,IA,Page County,15211,464,13802,369,60,121,0,395,12021,304,10980,334,48,102,0,253,3190,160,2822,35,12,19,0,142,6983,6212,771,1266,1223,997,59,160,7,43,0,0,43
19149,IA,Plymouth County,25698,1496,23126,374,49,120,117,416,19215,894,17682,228,36,104,74,197,6483,602,5444,146,13,16,43,219,10818,10171,647,311,224,9,0,215,0,87,0,0,87
19151,IA,Pocahontas County,7078,354,6436,72,10,32,23,151,5473,208,5091,45,10,20,10,89,1605,146,1345,27,0,12,13,62,3666,3090,576,118,118,7,0,111,0,0,0,0,0
18011,IN,Boone County,70812,2775,61820,1503,133,2424,20,2137,52065,1762,46279,1082,95,1733,14,1100,18747,1013,15541,421,38,691,6,1037,28103,26593,1510,813,728,151,23,536,18,85,0,0,85
18013,IN,Brown County,15475,270,14603,69,31,70,6,426,12642,170,12018,57,29,56,5,307,2833,100,2585,12,2,14,1,119,8436,6557,1879,153,136,37,0,99,0,17,0,0,17
18017,IN,Cass County,37870,6675,29006,583,110,595,8,893,28711,4064,23152,442,83,400,7,563,9159,2611,5854,141,27,195,1,330,16379,14900,1479,726,538,184,31,323,0,188,0,0,188
18019,IN,Clark County,121093,7891,96463,9502,260,1362,130,5485,93523,4795,77354,7036,209,1056,84,2989,27570,3096,19109,2466,51,306,46,2496,52169,48778,3391,1655,1138,221,47,837,33,517,0,0,517
18023,IN,Clinton County,33190,6142,26052,207,67,75,13,634,24551,3712,20188,146,52,56,6,391,8639,2430,5864,61,15,19,7,243,13450,12421,1029,623,592,116,0,476,0,31,0,0,31
18025,IN,Crawford County,10526,121,10062,34,23,18,1,267,8221,71,7926,19,14,15,0,176,2305,50,2136,15,9,3,1,91,5871,4330,1541,75,57,0,0,57,0,18,0,0,18
18029,IN,Dearborn County,50679,724,47758,338,68,229,10,1552,39363,434,37432,240,67,180,7,1003,11316,290,10326,98,1,49,3,549,20845,19562,1283,532,499,190,0,309,0,33,0,0,33
18031,IN,Decatur County,26472,614,24930,109,36,158,8,617,20317,392,19286,76,36,126,8,393,6155,222,5644,33,0,32,0,224,11512,10472,1040,499,389,100,0,289,0,110,0,0,110
18035,IN,Delaware County,111903,3533,94171,8333,223,1437,60,4146,90284,2510,77584,6383,169,1146,41,2451,21619,1023,16587,1950,54,291,19,1695,51464,45453,6011,7863,1453,231,122,1100,0,6410,6138,0,272
18037,IN,Dubois County,43637,4146,38382,214,56,262,6,571,33355,2471,30137,155,45,191,5,351,10282,1675,8245,59,11,71,1,220,18618,17412,1206,730,570,117,0,453,0,160,0,0,160
18041,IN,Fayette County,23398,273,22151,292,33,63,4,582,18313,183,17489,232,21,49,4,335,5085,90,4662,60,12,14,0,247,10886,9720,1166,356,304,28,27,249,0,52,0,0,52
18043,IN,Floyd County,80484,3082,68581,4401,174,1001,22,3223,62345,1880,54651,3105,139,772,9,1789,18139,1202,13930,1296,35,229,13,1434,34344,32204,2140,1735,1260,235,12,1002,11,475,340,0,135
18045,IN,Fountain County,16479,412,15490,62,38,45,6,426,12907,268,12243,39,32,39,1,285,3572,144,3247,23,6,6,5,141,7760,6880,880,104,96,0,0,96,0,8,0,0,8
18047,IN,Franklin County,22785,219,21953,31,26,94,1,461,17422,127,16876,18,26,68,1,306,5363,92,5077,13,0,26,0,155,9639,8693,946,153,38,0,0,38,0,115,0,0,115
18049,IN,Fulton County,20480,1068,18629,152,64,81,0,486,15582,633,14428,108,57,68,0,288,4898,435,4201,44,7,13,0,198,9532,8209,1323,152,138,54,0,84,0,14,0,0,14
18051,IN,Gibson County,33011,680,30379,671,63,226,17,975,25160,433,23467,500,52,175,12,521,7851,247,6912,171,11,51,5,454,14539,13271,1268,618,357,68,0,289,0,261,230,0,31
18053,IN,Grant County,66674,3412,55080,4652,161,550,23,2796,52856,2173,44989,3583,134,446,17,1514,13818,1239,10091,1069,27,104,6,1282,29810,26487,3323,4704,863,284,15,461,103,3841,3674,0,167
18055,IN,Greene County,30803,551,29252,71,71,110,4,744,24000,293,23003,44,63,85,4,508,6803,258,6249,27,8,25,0,236,14329,12754,1575,287,276,135,3,138,0,11,0,0,11
18057,IN,Hamilton County,347467,18106,278721,15175,419,23683,144,11219,253195,11216,208470,10669,305,16887,93,5555,94272,6890,70251,4506,114,6796,51,5664,135064,128475,6589,2601,2332,289,19,2024,0,269,78,0,191
18059,IN,Hancock County,79840,2202,71725,2420,124,780,46,2543,60833,1353,55541,1745,99,643,29,1423,19007,849,16184,675,25,137,17,1120,32125,30837,1288,845,734,223,0,511,0,111,0,0,111
18061,IN,Harrison County,39654,928,37105,212,93,210,18,1088,30603,521,28966,171,81,162,5,697,9051,407,8139,41,12,48,13,391,16686,15541,1145,470,400,91,19,290,0,70,0,0,70
18063,IN,Hendricks County,174788,8056,141092,13595,274,5798,70,5903,130334,5022,108316,9279,212,4276,58,3171,44454,3034,32776,4316,62,1522,12,2732,66869,64109,2760,3741,3675,2507,17,1140,11,66,0,0,66
18065,IN,Henry County,48914,977,45343,1101,68,208,7,1210,39055,652,36471,992,50,167,5,718,9859,325,8872,109,18,41,2,492,20952,18954,1998,3723,3580,3198,0,382,0,143,0,0,143
18067,IN,Howard County,83658,3060,69138,6533,217,1064,21,3625,65147,1861,55557,4693,177,864,19,1976,18511,1199,13581,1840,40,200,2,1649,39605,35711,3894,1146,902,354,16,486,46,244,0,0,244
18069,IN,Huntington County,36662,1050,34146,243,148,173,7,895,28604,656,26937,168,113,133,7,590,8058,394,7209,75,35,40,0,305,16217,14765,1452,1241,615,121,0,494,0,626,559,0,67
18071,IN,Jackson County,46428,6251,38083,512,69,485,6,1022,34993,3674,29882,367,54,363,4,649,11435,2577,8201,145,15,122,2,373,19069,17809,1260,752,709,217,16,476,0,43,0,0,43
18073,IN,Jasper County,32918,2342,29507,140,53,96,10,770,25032,1365,22943,97,39,67,10,511,7886,977,6564,43,14,29,0,259,13515,12728,787,205,195,84,0,108,3,10,0,0,10
18075,IN,Jay County,20478,944,18981,61,24,72,12,384,15233,612,14273,40,17,55,9,227,5245,332,4708,21,7,17,3,157,8890,7902,988,271,223,69,13,141,0,48,0,0,48
18077,IN,Jefferson County,33147,1111,30267,546,80,301,11,831,26165,693,24195,469,72,228,10,498,6982,418,6072,77,8,73,1,333,14386,12992,1394,2372,1355,927,4,317,107,1017,944,0,73
18079,IN,Jennings County,27613,859,25826,191,40,54,2,641,21054,455,19955,140,36,38,0,430,6559,404,5871,51,4,16,2,211,11574,10582,992,300,239,134,0,105,0,61,0,0,61
18081,IN,Johnson County,161765,6394,138072,4051,287,7512,73,5376,121314,3836,106198,2676,211,5369,56,2968,40451,2558,31874,1375,76,2143,17,2408,63393,60259,3134,2983,2385,640,4,1709,32,598,566,0,32
18083,IN,Knox County,36282,1005,33323,731,68,294,14,847,28289,677,26161,593,64,222,12,560,7993,328,7162,138,4,72,2,287,16917,14783,2134,1666,597,258,32,307,0,1069,1003,0,66
18087,IN,LaGrange County,40446,1733,38007,106,50,79,1,470,27020,1061,25496,74,34,60,0,295,13426,672,12511,32,16,19,1,175,14845,12676,2169,174,130,0,0,130,0,44,0,0,44
18089,IN,Lake County,498700,99927,255675,121872,719,7539,108,12860,380651,66998,210314,89017,590,6013,82,7637,118049,32929,45361,32855,129,1526,26,5223,214775,195090,19685,4308,3326,800,249,2265,12,982,375,0,607
18093,IN,Lawrence County,45011,765,42510,221,133,219,5,1158,35398,452,33749,181,113,169,4,730,9613,313,8761,40,20,50,1,428,20484,18542,1942,597,539,134,0,398,7,58,0,0,58
18095,IN,Madison County,130129,6263,108030,10300,265,710,45,4516,101952,3738,86770,7947,222,552,29,2694,28177,2525,21260,2353,43,158,16,1822,58784,52511,6273,5782,4677,3702,189,768,18,1105,694,0,411
18099,IN,Marshall County,46095,5251,39315,237,64,286,12,930,34639,3193,30409,173,58,207,8,591,11456,2058,8906,64,6,79,4,339,19654,17480,2174,683,508,177,10,321,0,175,18,0,157
18101,IN,Martin County,9812,92,9378,23,20,34,6,259,7563,52,7284,13,18,29,6,161,2249,40,2094,10,2,5,0,98,4576,4060,516,142,76,66,0,10,0,66,0,60,6
18105,IN,Monroe County,139718,6358,113866,5233,235,8465,40,5521,116544,4926,96121,4158,191,7487,30,3631,23174,1432,17745,1075,44,978,10,1890,63606,58268,5338,12213,1029,192,21,769,47,11184,10645,0,539
18107,IN,Montgomery County,37936,2281,33977,371,74,244,13,976,29215,1476,26617,255,62,194,11,600,8721,805,7360,116,12,50,2,376,16464,15210,1254,1071,324,0,0,324,0,747,713,0,34
18111,IN,Newton County,13830,1039,12276,51,27,41,2,394,10867,660,9820,41,25,37,2,282,2963,379,2456,10,2,4,0,112,6018,5537,481,144,144,38,0,106,0,0,0,0,0
18113,IN,Noble County,47457,5250,40580,248,74,239,2,1064,35539,3323,31110,180,63,182,0,681,11918,1927,9470,68,11,57,2,383,20049,17981,2068,698,610,227,0,383,0,88,15,0,73
18117,IN,Orange County,19867,305,18690,221,37,66,11,537,15229,174,14473,143,37,57,8,337,4638,131,4217,78,0,9,3,200,9058,7982,1076,266,236,79,0,157,0,30,0,0,30
18119,IN,Owen County,21321,297,20088,97,48,67,0,724,16803,178,15965,76,32,54,0,498,4518,119,4123,21,16,13,0,226,9795,8645,1150,228,221,63,0,158,0,7,0,0,7
18123,IN,Perry County,19170,220,17983,412,34,104,3,414,15213,158,14309,390,26,82,3,245,3957,62,3674,22,8,22,0,169,8502,7559,943,1570,1570,1412,0,158,0,0,0,0,0
18125,IN,Pike County,12250,180,11741,34,39,16,0,240,9501,108,9148,30,31,16,0,168,2749,72,2593,4,8,0,0,72,5581,4972,609,193,157,30,0,127,0,36,0,0,36
18129,IN,Posey County,25222,375,23815,240,45,113,3,631,19448,226,18560,174,37,88,3,360,5774,149,5255,66,8,25,0,271,11021,10133,888,217,207,92,0,115,0,10,0,0,10
18131,IN,Pulaski County,12514,458,11545,68,24,46,3,370,9778,302,9125,53,19,34,3,242,2736,156,2420,15,5,12,0,128,5816,5100,716,164,131,8,0,123,0,33,0,0,33
18135,IN,Randolph County,24502,1156,22504,141,53,75,0,573,18990,625,17828,99,37,50,0,351,5512,531,4676,42,16,25,0,222,11394,10193,1201,254,238,45,0,193,0,16,0,0,16
18137,IN,Ripley County,28995,541,27416,89,46,189,0,714,22283,331,21245,58,34,141,0,474,6712,210,6171,31,12,48,0,240,12259,11374,885,546,499,120,0,379,0,47,0,0,47
18141,IN,St. Joseph County,272912,26576,191434,35953,798,6753,171,11227,210201,16814,155999,25195,616,5415,148,6014,62711,9762,35435,10758,182,1338,23,5213,118123,107307,10816,12569,2841,645,20,2176,0,9728,8832,0,896
18145,IN,Shelby County,45055,2377,40577,576,61,358,4,1102,34854,1372,32048,452,55,268,3,656,10201,1005,8529,124,6,90,1,446,19423,17943,1480,723,702,159,0,543,0,21,0,0,21
18147,IN,Spencer County,19810,676,18501,141,49,76,1,366,15448,395,14611,114,40,63,1,224,4362,281,3890,27,9,13,0,142,8572,7882,690,312,122,47,0,75,0,190,0,0,190
18151,IN,Steuben County,34435,1427,31763,258,65,197,3,722,27504,886,25704,198,51,161,2,502,6931,541,6059,60,14,36,1,220,18837,13766,5071,1726,197,66,0,131,0,1529,1491,0,38
18153,IN,Sullivan County,20817,334,18977,892,46,39,8,521,16588,229,15095,857,41,36,5,325,4229,105,3882,35,5,3,3,196,8788,7727,1061,2216,2203,2064,0,139,0,13,0,0,13
18157,IN,Tippecanoe County,186251,18647,133275,11367,355,13726,43,8838,147010,12341,108449,7576,303,11945,41,6355,39241,6306,24826,3791,52,1781,2,2483,77797,71651,6146,15866,1531,471,58,997,5,14335,13824,0,511
18159,IN,Tipton County,15359,434,14447,62,14,59,2,341,12072,277,11494,38,12,41,0,210,3287,157,2953,24,2,18,2,131,6797,6244,553,198,198,24,0,174,0,0,0,0,0
18163,IN,Vanderburgh County,180136,6313,144850,17803,353,2492,681,7644,141188,3953,117685,12827,280,1964,381,4098,38948,2360,27165,4976,73,528,300,3546,84058,76084,7974,6692,2519,561,61,1759,138,4173,2997,0,1176
18165,IN,Vermillion County,15439,168,14819,41,27,48,11,325,12148,109,11712,25,23,43,11,225,3291,59,3107,16,4,5,0,100,7297,6504,793,198,196,37,0,159,0,2,0,0,2
18169,IN,Wabash County,30976,897,28818,183,127,170,9,772,24287,565,22924,102,97,131,7,461,6689,332,5894,81,30,39,2,311,14037,12721,1316,1199,953,93,165,695,0,246,211,0,35
48449,TX,Titus County,31247,13680,13556,2903,102,270,5,731,22655,8621,11068,2226,91,196,5,448,8592,5059,2488,677,11,74,0,283,12013,10845,1168,240,206,6,0,200,0,34,0,0,34
48451,TX,Tom Green County,120003,47066,63273,4122,376,1758,145,3263,91755,32675,51735,3276,320,1427,109,2213,28248,14391,11538,846,56,331,36,1050,51406,46683,4723,3501,1274,459,60,546,209,2227,607,1339,281
48453,TX,Travis County,1290188,421110,625699,98625,2885,100616,825,40428,1016490,301758,526245,77826,2404,81252,688,26317,273698,119352,99454,20799,481,19364,137,14111,562488,520981,41507,33360,7294,3051,310,3538,395,26066,12231,0,13835
48455,TX,Trinity County,13602,1314,10652,1095,29,38,4,470,10982,830,8916,863,29,31,1,312,2620,484,1736,232,0,7,3,158,8173,5847,2326,111,111,13,0,98,0,0,0,0,0
48457,TX,Tyler County,19798,1520,15482,2060,112,109,3,512,15975,1172,12569,1722,82,93,3,334,3823,348,2913,338,30,16,0,178,9406,7362,2044,2026,2026,1892,0,134,0,0,0,0,0
48459,TX,Upshur County,40892,3986,31743,2953,265,193,10,1742,30854,2354,24708,2321,216,152,7,1096,10038,1632,7035,632,49,41,3,646,17347,15374,1973,454,439,120,0,319,0,15,0,0,15
48461,TX,Upton County,3308,1797,1335,60,11,4,0,101,2438,1222,1077,53,7,4,0,75,870,575,258,7,4,0,0,26,1523,1222,301,64,64,42,0,22,0,0,0,0,0
48463,TX,Uvalde County,24564,17317,6734,127,26,166,6,188,18480,12415,5656,111,26,137,3,132,6084,4902,1078,16,0,29,3,56,10034,8624,1410,865,508,256,0,252,0,357,305,0,52
48467,TX,Van Zandt County,59541,7071,48454,1558,331,287,31,1809,45970,4482,38568,1174,262,218,31,1235,13571,2589,9886,384,69,69,0,574,25537,22815,2722,584,522,149,25,348,0,62,0,0,62
48469,TX,Victoria County,91319,42931,39878,5311,217,1419,36,1527,68803,29639,32767,4099,158,1127,25,988,22516,13292,7111,1212,59,292,11,539,38958,34451,4507,1217,670,263,55,352,0,547,243,0,304
48473,TX,Waller County,56794,18486,23958,12197,222,821,15,1095,43199,12106,19073,10525,178,623,15,679,13595,6380,4885,1672,44,198,0,416,19522,17298,2224,6278,227,53,0,174,0,6051,5814,0,237
48475,TX,Ward County,11644,6325,4556,420,41,71,3,228,8486,4369,3589,307,29,46,0,146,3158,1956,967,113,12,25,3,82,5139,4221,918,123,117,64,0,53,0,6,0,0,6
48479,TX,Webb County,267114,254354,9996,901,140,1360,29,334,186454,176805,7493,721,101,1072,22,240,80660,77549,2503,180,39,288,7,94,84763,78282,6481,3949,2575,1783,30,757,5,1374,853,0,521
48481,TX,Wharton County,41570,16967,18375,5502,71,175,1,479,31314,11444,15194,4182,58,139,0,297,10256,5523,3181,1320,13,36,1,182,17296,15446,1850,561,343,51,0,292,0,218,136,0,82
48485,TX,Wichita County,129350,25803,80718,13584,998,2704,143,5400,100692,17506,66178,10511,801,2189,112,3395,28658,8297,14540,3073,197,515,31,2005,55519,49007,6512,11128,5006,4049,35,917,5,6122,1594,4200,328
48487,TX,Wilbarger County,12887,3734,7077,1021,97,581,0,377,9921,2473,5939,849,76,390,0,194,2966,1261,1138,172,21,191,0,183,5836,4944,892,837,153,15,0,138,0,684,142,0,542
48491,TX,Williamson County,609017,147088,343026,39706,1717,54474,617,22389,453045,98419,271917,29360,1321,38659,468,12901,155972,48669,71109,10346,396,15815,149,9488,237680,224506,13174,4476,2522,633,132,1757,0,1954,1093,0,861
48493,TX,Wilson County,49753,19232,28310,749,150,249,25,1038,37771,13543,22518,642,114,196,18,740,11982,5689,5792,107,36,53,7,298,18983,17419,1564,439,423,51,0,372,0,16,0,0,16
48497,TX,Wise County,68632,13694,51073,705,477,391,13,2279,51836,8787,40231,560,361,313,10,1574,16796,4907,10842,145,116,78,3,705,26813,24306,2507,806,789,508,0,281,0,17,0,0,17
48499,TX,Wood County,44843,4894,36326,1692,229,246,2,1454,36551,3278,30439,1430,185,199,2,1018,8292,1616,5887,262,44,47,0,436,22129,18447,3682,1335,938,683,0,255,0,397,318,0,79
48503,TX,Young County,17867,3508,13518,188,79,90,1,483,13648,2193,10840,142,66,68,1,338,4219,1315,2678,46,13,22,0,145,8539,7249,1290,231,195,24,0,171,0,36,0,0,36
48505,TX,Zapata County,13889,12999,817,13,7,18,0,35,9592,8837,706,12,7,12,0,18,4297,4162,111,1,0,6,0,17,6159,4536,1623,101,101,73,0,28,0,0,0,0,0
01039,AL,Covington County,37570,654,30842,4590,148,254,1,1081,29387,414,24557,3475,128,196,1,616,8183,240,6285,1115,20,58,0,465,18596,15515,3081,774,481,72,0,409,0,293,104,0,189
01045,AL,Dale County,49326,3254,33026,10165,219,677,43,1942,38048,2101,26517,7473,187,579,38,1153,11278,1153,6509,2692,32,98,5,789,22761,20159,2602,782,314,62,4,248,0,468,0,407,61
01051,AL,Elmore County,87977,2793,63193,18228,273,711,30,2749,69005,1786,50733,14032,214,549,14,1677,18972,1007,12460,4196,59,162,16,1072,36818,32567,4251,5811,5791,5286,0,505,0,20,0,0,20
01057,AL,Fayette County,16321,396,13622,1738,43,52,1,469,12791,245,10844,1339,42,34,0,287,3530,151,2778,399,1,18,1,182,7760,6653,1107,319,220,80,0,140,0,99,41,0,58
01061,AL,Geneva County,26659,1296,21810,2264,167,94,7,1021,20820,793,17406,1790,133,85,7,606,5839,503,4404,474,34,9,0,415,12452,10874,1578,284,252,74,0,178,0,32,0,0,32
01067,AL,Henry County,17146,334,11942,4255,51,78,0,486,13641,215,9588,3435,39,55,0,309,3505,119,2354,820,12,23,0,177,9058,7169,1889,141,130,22,0,108,0,11,0,0,11
01073,AL,Jefferson County,674721,34856,327615,281081,1251,13300,325,16293,527087,22613,268189,213640,997,10576,218,10854,147634,12243,59426,67441,254,2724,107,5439,307927,274699,33228,17014,6717,2499,162,3884,172,10297,6952,0,3345
01079,AL,Lawrence County,33073,895,24899,3321,1441,91,9,2417,25878,580,19845,2735,1051,68,3,1596,7195,315,5054,586,390,23,6,821,15225,13517,1708,227,227,111,0,116,0,0,0,0,0
01083,AL,Limestone County,103570,7248,76442,13313,462,1896,72,4137,79718,4294,60639,10512,375,1357,50,2491,23852,2954,15803,2801,87,539,22,1646,42692,39365,3327,3100,2948,2567,0,381,0,152,0,0,152
01089,AL,Madison County,388153,24936,240677,91936,2158,10406,460,17580,304143,16137,195976,70695,1623,8452,323,10937,84010,8799,44701,21241,535,1954,137,6643,169820,157770,12050,9764,2753,847,29,1794,83,7011,6305,0,706
01095,AL,Marshall County,97612,15658,75253,2382,421,609,129,3160,73530,8841,59982,1725,330,475,83,2094,24082,6817,15271,657,91,134,46,1066,41245,37257,3988,992,809,289,0,520,0,183,76,0,107
01101,AL,Montgomery County,228954,10684,74327,130212,381,8049,123,5178,177427,6663,63138,97716,304,6195,87,3324,51527,4021,11189,32496,77,1854,36,1854,105293,93223,12070,8399,4836,3196,270,1298,72,3563,2647,672,244
01105,AL,Perry County,8511,89,2355,5921,15,10,1,120,6740,63,2056,4508,15,10,0,88,1771,26,299,1413,0,0,1,32,3933,3360,573,532,124,0,0,124,0,408,408,0,0
01111,AL,Randolph County,21967,605,16764,3844,51,93,1,609,17264,336,13514,2939,47,65,1,362,4703,269,3250,905,4,28,0,247,12400,8931,3469,416,223,57,0,166,0,193,193,0,0
01117,AL,Shelby County,223024,16460,164554,28995,495,5214,96,7210,170487,10463,129759,21451,391,3924,76,4423,52537,5997,34795,7544,104,1290,20,2787,89060,84241,4819,3248,2052,1233,69,720,30,1196,1147,0,49
01121,AL,Talladega County,82149,1779,51100,26427,197,419,28,2199,65024,1171,41621,20331,178,335,21,1367,17125,608,9479,6096,19,84,7,832,37948,33090,4858,3234,2385,1627,5,455,298,849,733,0,116
01127,AL,Walker County,65342,2152,56778,3943,189,298,4,1978,51667,1354,45607,3024,162,232,0,1288,13675,798,11171,919,27,66,4,690,29975,26423,3552,1066,926,297,40,548,41,140,0,0,140
01133,AL,Winston County,23540,815,21764,144,83,62,9,663,18766,464,17572,115,78,41,9,487,4774,351,4192,29,5,21,0,176,13015,9845,3170,361,266,70,0,196,0,95,26,0,69
06005,CA,Amador County,40474,6014,30291,1279,589,582,74,1645,34042,4550,26044,1239,462,502,54,1191,6432,1464,4247,40,127,80,20,454,18805,15678,3127,4311,4098,4045,2,51,0,213,0,0,213
06009,CA,Calaveras County,45292,5865,35447,402,505,746,80,2247,37337,4153,30115,307,429,648,70,1615,7955,1712,5332,95,76,98,10,632,27422,18758,8664,461,311,170,40,101,0,150,0,0,150
06015,CA,Del Norte County,27743,5321,16789,874,2149,845,30,1735,22052,3988,14024,831,1461,589,21,1138,5691,1333,2765,43,688,256,9,597,11090,9807,1283,3070,2909,2789,17,100,3,161,0,0,161
06021,CA,Glenn County,28917,12541,14178,180,534,642,40,802,21464,8394,11522,150,351,488,25,534,7453,4147,2656,30,183,154,15,268,10895,10177,718,295,255,143,0,112,0,40,0,0,40
06027,CA,Inyo County,19016,4399,11259,108,2199,282,14,755,15180,2971,9792,95,1597,243,12,470,3836,1428,1467,13,602,39,2,285,9469,8046,1423,608,235,129,0,106,0,373,0,0,373
06033,CA,Lake County,68163,15442,45396,1274,1742,988,91,3230,54080,10192,38460,1078,1221,826,80,2223,14083,5250,6936,196,521,162,11,1007,34220,27622,6598,701,515,294,0,210,11,186,0,0,186
06037,CA,Los Angeles County,10014009,4804763,2636964,789024,19696,1483784,21229,258549,7959791,3562733,2281143,641735,16372,1266165,17052,174591,2054218,1242030,355821,147289,3324,217619,4177,83958,3591981,3420628,171353,208680,63442,19518,2407,39117,2400,145238,61495,223,83520
06083,CA,Santa Barbara County,448229,210584,189290,7189,1773,25715,557,13121,350805,146175,164505,6169,1424,23004,438,9090,97424,64409,24785,1020,349,2711,119,4031,158279,148353,9926,20699,5281,3045,110,2126,0,15418,11038,358,4022
06089,CA,Shasta County,182155,19730,139622,2049,4084,5969,334,10367,143512,12990,114283,1593,3036,4633,267,6710,38643,6740,25339,456,1048,1336,67,3657,79380,72836,6544,3045,1631,394,93,1035,109,1414,110,0,1304
51033,VA,Caroline County,30887,1968,19082,7707,162,315,19,1634,23869,1320,15065,6205,135,252,13,879,7018,648,4017,1502,27,63,6,755,12415,11446,969,512,508,415,0,93,0,4,0,0,4
51041,VA,Chesterfield County,364548,40236,213999,82440,873,13381,196,13423,276953,25811,169569,62816,698,10565,139,7355,87595,14425,44430,19624,175,2816,57,6068,138691,133482,5209,5770,2010,525,503,976,6,3760,3254,0,506
51047,VA,Culpeper County,52552,7509,35315,6551,113,792,23,2249,39903,4666,28207,5123,86,631,22,1168,12649,2843,7108,1428,27,161,1,1081,19185,18181,1004,1429,1390,1023,0,367,0,39,0,0,39
51053,VA,Dinwiddie County,27947,1128,17520,8143,92,130,4,930,21990,683,13998,6571,84,110,3,541,5957,445,3522,1572,8,20,1,389,11803,10925,878,401,365,0,8,141,216,36,0,0,36
51061,VA,Fauquier County,72972,7793,55681,5117,133,1253,53,2942,56104,4949,44293,4101,112,1006,40,1603,16868,2844,11388,1016,21,247,13,1339,28249,26400,1849,400,253,40,0,213,0,147,0,0,147
51067,VA,Franklin County,54477,1955,46556,3912,85,327,21,1621,44197,1216,38482,3191,72,270,17,949,10280,739,8074,721,13,57,4,672,28131,22683,5448,1249,109,0,0,109,0,1140,894,0,246
51073,VA,Gloucester County,38711,1410,32328,2759,134,323,22,1735,31072,897,26373,2363,114,272,16,1037,7639,513,5955,396,20,51,6,698,17049,15484,1565,284,193,28,0,165,0,91,0,0,91
51079,VA,Greene County,20552,1330,16395,1477,28,467,5,850,15892,823,13072,1145,22,376,3,451,4660,507,3323,332,6,91,2,399,8464,7760,704,168,155,0,0,155,0,13,0,0,13
51085,VA,Hanover County,109979,3938,90005,9859,320,2094,39,3724,85823,2482,71559,7802,251,1608,32,2089,24156,1456,18446,2057,69,486,7,1635,43184,41417,1767,2071,875,326,3,546,0,1196,1050,0,146
51091,VA,Highland County,2232,35,2141,4,1,7,1,43,1903,19,1836,4,1,7,0,36,329,16,305,0,0,0,1,7,1787,1063,724,0,0,0,0,0,0,0,0,0,0
51143,VA,Pittsylvania County,60501,1712,44529,12415,94,303,20,1428,48776,1063,36346,10225,80,226,11,825,11725,649,8183,2190,14,77,9,603,29369,25315,4054,1307,1283,1078,50,155,0,24,0,0,24
51153,VA,Prince William County,482204,121524,189540,96455,799,50410,545,22931,353402,81467,148758,71423,611,38218,386,12539,128802,40057,40782,25032,188,12192,159,10392,158525,153745,4780,3018,1437,536,46,777,78,1581,187,956,438
51159,VA,Richmond County,8923,597,5587,2428,16,43,0,252,7348,415,4695,2049,16,33,0,140,1575,182,892,379,0,10,0,112,3932,3173,759,1534,1508,1398,0,110,0,26,0,0,26
51165,VA,Rockingham County,83757,7093,71824,1841,83,952,14,1950,65371,4532,57383,1501,64,710,13,1168,18386,2561,14441,340,19,242,1,782,35436,32013,3423,2273,632,67,0,565,0,1641,1515,0,126
51171,VA,Shenandoah County,44186,3726,37612,1083,88,368,9,1300,34862,2327,30559,808,79,294,9,786,9324,1399,7053,275,9,74,0,514,21136,18008,3128,436,269,0,0,269,0,167,110,0,57
51177,VA,Spotsylvania County,140032,16654,88711,22803,392,4047,129,7296,105356,10546,70084,17253,308,3112,105,3948,34676,6108,18627,5550,84,935,24,3348,52250,48958,3292,323,241,0,0,241,0,82,0,0,82
51183,VA,Sussex County,10829,306,4425,5774,19,14,8,283,9211,218,3844,4957,19,13,2,158,1618,88,581,817,0,1,6,125,4636,3878,758,2148,2107,2035,0,72,0,41,0,0,41
51191,VA,Washington County,53935,891,50625,696,93,349,1,1280,43964,569,41613,578,72,248,1,883,9971,322,9012,118,21,101,0,397,25424,22616,2808,1944,1041,849,0,192,0,903,687,0,216
51197,VA,Wythe County,28290,355,26228,717,55,131,2,802,22692,248,21171,612,51,119,2,489,5598,107,5057,105,4,12,0,313,13990,12281,1709,174,147,0,21,126,0,27,0,0,27
51520,VA,Bristol city,17219,455,14767,1026,55,165,4,747,13724,315,12080,763,46,123,4,393,3495,140,2687,263,9,42,0,354,8670,7721,949,310,248,138,9,101,0,62,0,0,62
51550,VA,Chesapeake city,249422,17824,137872,71521,748,9036,319,12102,189288,11110,108868,54619,590,7123,213,6765,60134,6714,29004,16902,158,1913,106,5337,94829,91162,3667,4047,3704,3091,0,613,0,343,0,69,274
51595,VA,Emporia city,5766,345,1555,3646,9,55,4,152,4398,216,1321,2703,9,48,4,97,1368,129,234,943,0,7,0,55,2647,2325,322,182,174,0,0,174,0,8,0,0,8
51620,VA,Franklin city,8180,218,2990,4621,25,83,2,241,6293,140,2522,3401,25,63,0,142,1887,78,468,1220,0,20,2,99,3886,3407,479,115,100,0,0,100,0,15,0,0,15
51650,VA,Hampton city,137148,8411,50389,67201,502,3612,214,6819,109170,5771,42755,52830,404,3043,168,4199,27978,2640,7634,14371,98,569,46,2620,62444,57612,4832,3667,767,241,18,446,62,2900,2095,640,165
51678,VA,Lexington city,7320,335,6049,466,8,286,0,176,6489,247,5427,396,8,280,0,131,831,88,622,70,0,6,0,45,2617,2239,378,2679,62,0,0,62,0,2617,2610,0,7
51685,VA,Manassas Park city,17219,7799,4861,2124,29,1850,14,542,12701,5194,3989,1661,22,1494,10,331,4518,2605,872,463,7,356,4,211,5525,5381,144,0,0,0,0,0,0,0,0,0,0
51710,VA,Norfolk city,238005,23130,99108,94270,865,9009,483,11140,192486,17069,85461,73585,749,7885,396,7341,45519,6061,13647,20685,116,1124,87,3799,101386,93447,7939,22260,1813,873,42,898,0,20447,6498,13015,934
51735,VA,Poquoson city,12460,463,11089,124,34,261,2,487,9593,262,8713,99,28,223,1,267,2867,201,2376,25,6,38,1,220,4926,4647,279,90,90,0,0,90,0,0,0,0,0
51760,VA,Richmond city,226610,23747,96996,91135,474,6400,83,7775,187946,16887,86848,71840,400,5979,62,5930,38664,6860,10148,19295,74,421,21,1845,111963,102359,9604,11618,1825,771,42,1004,8,9793,8330,0,1463
53031,WA,Jefferson County,32977,1305,28841,266,525,512,53,1475,28951,951,25816,225,412,458,39,1050,4026,354,3025,41,113,54,14,425,19087,15707,3380,689,479,376,16,87,0,210,0,0,210
53039,WA,Klickitat County,22735,2913,18132,94,504,152,37,903,18296,2033,15049,84,364,139,26,601,4439,880,3083,10,140,13,11,302,10533,9213,1320,636,30,30,0,0,0,606,0,0,606
53045,WA,Mason County,65726,7595,50627,803,1971,814,218,3698,53265,4673,43052,690,1479,717,175,2479,12461,2922,7575,113,492,97,43,1219,33269,25505,7764,2455,2298,2020,19,259,0,157,0,0,157
53051,WA,Pend Oreille County,13401,448,11937,78,374,77,9,478,10878,271,9854,61,275,59,9,349,2523,177,2083,17,99,18,0,129,7938,5621,2317,146,100,13,0,87,0,46,0,0,46
53057,WA,Skagit County,129523,23792,94399,975,2075,2859,400,5023,101710,14813,78691,751,1558,2419,283,3195,27813,8979,15708,224,517,440,117,1828,55744,50371,5373,1462,678,118,50,440,70,784,113,0,671
53063,WA,Spokane County,539339,35350,439989,11275,6911,12752,4245,28817,421551,23384,353756,8452,5408,10316,2613,17622,117788,11966,86233,2823,1503,2436,1632,11195,224019,212470,11549,17407,6298,2885,132,3238,43,11109,5692,556,4861
53069,WA,Wahkiakum County,4422,183,3901,28,55,46,3,206,3655,121,3320,17,42,32,1,122,767,62,581,11,13,14,2,84,2189,1884,305,18,7,7,0,0,0,11,0,0,11
53075,WA,Whitman County,47973,4052,36101,1234,269,3644,141,2532,40521,3347,30628,1009,237,3229,120,1951,7452,705,5473,225,32,415,21,581,20922,18650,2272,6518,299,30,0,269,0,6219,6130,0,89
54003,WV,Berkeley County,122076,6893,97845,9337,290,1525,46,6140,93351,4217,77245,7162,227,1235,41,3224,28725,2676,20600,2175,63,290,5,2916,50868,47216,3652,971,790,515,56,213,6,181,26,0,155
54009,WV,Brooke County,22559,287,21140,388,38,63,0,643,18495,175,17526,317,33,55,0,389,4064,112,3614,71,5,8,0,254,10719,9683,1036,687,199,0,8,191,0,488,455,0,33
54017,WV,Doddridge County,7808,77,7355,178,15,18,0,165,6424,49,6063,169,15,15,0,113,1384,28,1292,9,0,3,0,52,3241,2713,528,1127,1127,1127,0,0,0,0,0,0,0
54023,WV,Grant County,10976,91,10507,89,21,26,0,242,8922,66,8561,66,13,26,0,190,2054,25,1946,23,8,0,0,52,5598,4751,847,127,95,0,0,95,0,32,0,0,32
54029,WV,Hancock County,29095,424,26916,729,32,119,8,867,23688,286,22193,573,25,101,0,510,5407,138,4723,156,7,18,8,357,14241,12798,1443,274,249,0,0,249,0,25,0,0,25
54035,WV,Jackson County,27791,230,26627,121,44,98,2,669,21854,145,21079,77,34,71,1,447,5937,85,5548,44,10,27,1,222,12888,11541,1347,137,137,0,0,137,0,0,0,0,0
54041,WV,Lewis County,17033,191,16243,72,19,60,7,441,13500,118,12949,57,19,50,7,300,3533,73,3294,15,0,10,0,141,8204,7112,1092,221,74,0,8,66,0,147,0,0,147
54047,WV,McDowell County,19111,390,15962,2154,21,25,4,555,15723,365,13032,1912,14,24,4,372,3388,25,2930,242,7,1,0,183,9344,7483,1861,2005,2005,1881,15,109,0,0,0,0,0
54053,WV,Mason County,25453,170,24463,198,32,76,5,509,20215,118,19573,138,32,50,0,304,5238,52,4890,60,0,26,5,205,12153,10570,1583,749,724,562,0,162,0,25,0,0,25
54059,WV,Mingo County,23568,164,22391,430,33,37,0,513,18632,109,17782,341,30,29,0,341,4936,55,4609,89,3,8,0,172,11493,9993,1500,84,69,0,0,69,0,15,0,0,15
54065,WV,Morgan County,17063,236,16073,123,31,95,0,505,13950,154,13285,95,24,77,0,315,3113,82,2788,28,7,18,0,190,9071,7142,1929,184,184,0,0,184,0,0,0,0,0
55001,WI,Adams County,20654,797,18578,608,166,91,8,406,17644,553,16010,570,158,82,8,263,3010,244,2568,38,8,9,0,143,16692,9049,7643,1207,1110,1062,0,48,0,97,0,0,97
55007,WI,Bayfield County,16220,279,13644,71,1613,42,2,569,13450,164,11690,45,1152,39,0,360,2770,115,1954,26,461,3,2,209,13238,7432,5806,120,120,55,0,65,0,0,0,0,0
55013,WI,Burnett County,16526,254,14858,73,697,56,10,578,13642,154,12560,58,484,50,9,327,2884,100,2298,15,213,6,1,251,15201,7499,7702,178,127,31,22,74,0,51,0,0,51
55019,WI,Clark County,34659,2098,31800,126,118,114,4,399,24688,1214,22993,75,99,87,4,216,9971,884,8807,51,19,27,0,183,14755,12768,1987,447,351,29,0,322,0,96,0,0,96
55025,WI,Dane County,561504,41954,432641,30423,1306,35917,226,19037,448406,27787,358705,21280,1076,28697,188,10673,113098,14167,73936,9143,230,7220,38,8364,248795,238417,10378,17465,3734,1541,110,1806,277,13731,9925,0,3806
55031,WI,Douglas County,44295,768,40013,610,765,303,19,1817,35640,467,32803,434,599,240,11,1086,8655,301,7210,176,166,63,8,731,22906,19219,3687,1355,504,199,0,305,0,851,623,0,228
55037,WI,Florence County,4558,66,4351,12,30,6,4,89,3848,36,3734,8,22,6,0,42,710,30,617,4,8,0,4,47,4601,2152,2449,52,52,5,0,47,0,0,0,0,0
55043,WI,Grant County,51938,1236,48690,693,96,423,8,792,40847,856,38588,540,80,330,5,448,11091,380,10102,153,16,93,3,344,22110,19956,2154,4169,1002,512,0,490,0,3167,2858,0,309
55049,WI,Iowa County,23709,455,22422,135,27,189,12,469,18441,302,17608,86,21,147,12,265,5268,153,4814,49,6,42,0,204,10905,9901,1004,211,76,14,0,62,0,135,0,0,135
55055,WI,Jefferson County,84900,7068,74268,922,208,672,20,1742,66349,4323,59699,642,166,532,16,971,18551,2745,14569,280,42,140,4,771,36376,33844,2532,2922,370,106,0,264,0,2552,2129,0,423
19155,IA,Pottawattamie County,93667,7660,80229,1916,395,804,78,2585,71810,4699,63257,1376,286,647,46,1499,21857,2961,16972,540,109,157,32,1086,39852,37284,2568,2180,814,295,43,463,13,1366,1001,0,365
19159,IA,Ringgold County,4663,71,4485,3,7,8,0,89,3623,38,3518,1,7,8,0,51,1040,33,967,2,0,0,0,38,2672,1945,727,119,109,2,0,107,0,10,0,0,10
19161,IA,Sac County,9814,354,9227,52,13,33,6,129,7614,205,7262,35,13,26,0,73,2200,149,1965,17,0,7,6,56,5118,4273,845,158,132,1,0,130,1,26,0,0,26
19165,IA,Shelby County,11746,412,11011,58,29,50,3,183,9108,248,8647,29,25,36,2,121,2638,164,2364,29,4,14,1,62,5421,4981,440,194,172,5,0,167,0,22,0,0,22
19167,IA,Sioux County,35872,4914,30064,194,87,225,5,383,25861,2814,22571,95,54,165,4,158,10011,2100,7493,99,33,60,1,225,13000,12202,798,2354,391,19,13,359,0,1963,1837,0,126
19171,IA,Tama County,17135,1804,13402,140,1258,83,2,446,12990,1062,10685,96,823,64,2,258,4145,742,2717,44,435,19,0,188,7575,6784,791,256,234,40,0,194,0,22,0,0,22
19175,IA,Union County,12138,399,11291,124,25,66,7,226,9361,252,8799,96,18,43,7,146,2777,147,2492,28,7,23,0,80,5784,5169,615,335,108,12,0,96,0,227,175,0,52
19177,IA,Van Buren County,7203,114,6928,27,6,24,0,104,5485,56,5313,14,5,24,0,73,1718,58,1615,13,1,0,0,31,3500,2984,516,92,60,9,0,51,0,32,0,0,32
19181,IA,Warren County,52403,1658,48472,495,82,398,18,1280,39080,978,36698,327,61,298,14,704,13323,680,11774,168,21,100,4,576,20857,19616,1241,1669,644,0,0,644,0,1025,971,0,54
19183,IA,Washington County,22565,1612,20167,200,20,122,3,441,17073,942,15643,129,15,92,3,249,5492,670,4524,71,5,30,0,192,9573,8916,657,346,319,17,0,302,0,27,0,0,27
19187,IA,Webster County,36999,2063,31621,1814,115,305,16,1065,29204,1274,25632,1445,104,237,16,496,7795,789,5989,369,11,68,0,569,16937,15046,1891,3086,1993,1356,0,632,5,1093,874,0,219
19191,IA,Winneshiek County,20070,585,18860,127,19,182,12,285,16206,381,15374,99,12,148,12,180,3864,204,3486,28,7,34,0,105,8916,8170,746,1637,156,0,0,156,0,1481,1463,0,18
19193,IA,Woodbury County,105941,18746,73034,5188,1900,3003,653,3417,78384,11398,57856,3382,1267,2388,400,1693,27557,7348,15178,1806,633,615,253,1724,42701,39904,2797,2856,1049,357,46,646,0,1807,1356,0,451
19197,IA,Wright County,12943,2394,10200,82,15,71,8,173,9733,1322,8181,57,13,49,8,103,3210,1072,2019,25,2,22,0,70,6260,5404,856,166,136,7,0,129,0,30,0,0,30
24001,MD,Allegany County,68106,1149,58435,5364,117,758,23,2260,56039,834,48267,4928,106,608,14,1282,12067,315,10168,436,11,150,9,978,32911,27596,5315,6163,5065,4293,13,759,0,1098,747,0,351
24005,MD,Baltimore County,854535,61492,451202,254978,2023,55404,297,29139,669511,40189,375222,192384,1624,42698,239,17155,185024,21303,75980,62594,399,12706,58,11984,350163,329964,20199,22328,7046,1059,275,5689,23,15282,12676,0,2606
24011,MD,Caroline County,33293,2820,24376,4443,70,364,14,1206,25372,1676,19413,3324,56,251,12,640,7921,1144,4963,1119,14,113,2,566,13434,12327,1107,576,302,45,20,230,7,274,55,0,219
24013,MD,Carroll County,172891,7745,148311,6569,279,3840,40,6107,135048,4868,118537,5169,233,2892,30,3319,37843,2877,29774,1400,46,948,10,2788,65793,63050,2743,3728,1970,519,33,1276,142,1758,1328,0,430
24017,MD,Charles County,166617,11677,58053,81542,1023,5736,157,8429,126667,7407,48027,60901,871,4523,120,4818,39950,4270,10026,20641,152,1213,37,3611,62123,59107,3016,1464,816,244,19,553,0,648,101,151,396
24019,MD,Dorchester County,32531,1777,20077,9066,96,372,11,1132,25733,1109,16881,6725,91,283,10,634,6798,668,3196,2341,5,89,1,498,16383,13721,2662,368,298,94,17,187,0,70,0,0,70
24023,MD,Garrett County,28806,321,27548,259,35,89,2,552,23335,211,22428,197,34,70,2,393,5471,110,5120,62,1,19,0,159,18407,11954,6453,610,360,43,40,277,0,250,160,0,90
24025,MD,Harford County,260924,14007,189691,37429,462,8267,187,10881,202309,9048,153241,27207,364,6434,138,5877,58615,4959,36450,10222,98,1833,49,5004,103284,98282,5002,1856,1265,303,25,852,85,591,0,52,539
24029,MD,Kent County,19198,1061,14533,2772,25,261,0,546,16164,756,12622,2214,21,223,0,328,3034,305,1911,558,4,38,0,218,10286,8075,2211,1375,242,27,12,203,0,1133,974,0,159
24033,MD,Prince George's County,967201,205463,114116,577474,2036,42290,400,25422,756049,139432,100890,460593,1623,35699,341,17471,211152,66031,13226,116881,413,6591,59,7951,359957,342216,17741,19683,4273,681,100,3384,108,15410,12228,295,2887
24035,MD,Queen Anne's County,49874,2538,42273,2836,65,608,12,1542,39108,1566,33823,2294,62,479,7,877,10766,972,8450,542,3,129,5,665,21274,19240,2034,365,276,175,0,87,14,89,0,0,89
24039,MD,Somerset County,24620,1075,12970,9495,81,258,1,740,20381,672,11017,7938,80,209,1,464,4239,403,1953,1557,1,49,0,276,10895,8334,2561,4903,3479,3294,0,185,0,1424,1331,0,93
24041,MD,Talbot County,37526,3352,28337,4236,47,554,12,988,30682,2068,24199,3392,38,415,12,558,6844,1284,4138,844,9,139,0,430,19538,16296,3242,468,373,42,0,263,68,95,0,0,95
24043,MD,Washington County,154705,10289,116534,17563,269,3162,74,6814,121143,6554,94985,13402,226,2339,55,3582,33562,3735,21549,4161,43,823,19,3232,63790,58640,5150,7984,6945,5643,67,1189,46,1039,180,0,859
24045,MD,Wicomico County,103588,7091,61100,27888,224,3181,43,4061,80944,4552,50794,20674,179,2519,31,2195,22644,2539,10306,7214,45,662,12,1866,43682,40018,3664,3682,821,247,24,538,12,2861,2289,0,572
24047,MD,Worcester County,52460,2078,41793,6239,94,757,6,1493,43324,1379,35557,4822,84,596,4,882,9136,699,6236,1417,10,161,2,611,56263,22871,33392,745,622,218,10,387,7,123,0,0,123
24510,MD,Baltimore city,585708,45927,161258,337486,1343,21454,183,18057,471700,31645,141474,264845,1095,19835,149,12657,114008,14282,19784,72641,248,1619,34,5400,293249,251479,41770,18001,5865,2568,122,3067,108,12136,10098,0,2038
26001,MI,Alcona County,10167,122,9716,30,57,17,1,224,8821,73,8510,17,46,13,0,162,1346,49,1206,13,11,4,1,62,10263,4907,5356,74,53,7,0,46,0,21,0,0,21
26003,MI,Alger County,8842,115,7420,591,328,26,1,361,7442,72,6290,587,234,21,1,237,1400,43,1130,4,94,5,0,124,6169,3609,2560,991,958,899,0,59,0,33,0,0,33
26005,MI,Allegan County,120502,9389,104501,1582,568,887,24,3551,91395,5758,81487,1051,412,672,20,1995,29107,3631,23014,531,156,215,4,1556,51789,45545,6244,930,724,169,1,554,0,206,0,0,206
26007,MI,Alpena County,28907,417,27336,121,121,119,12,781,23539,270,22488,79,95,101,8,498,5368,147,4848,42,26,18,4,283,15645,12901,2744,571,184,16,0,149,19,387,66,0,321
26009,MI,Antrim County,23431,459,22066,53,195,76,18,564,19314,274,18399,33,155,60,14,379,4117,185,3667,20,40,16,4,185,17538,10147,7391,208,54,34,0,20,0,154,0,0,154
26011,MI,Arenac County,15002,270,14080,41,126,41,1,443,12327,178,11669,30,104,37,1,308,2675,92,2411,11,22,4,0,135,9504,6631,2873,173,53,9,0,44,0,120,0,0,120
26013,MI,Baraga County,8158,102,5806,604,1083,20,3,540,6715,75,4901,598,794,16,1,330,1443,27,905,6,289,4,2,210,5052,3328,1724,878,850,806,0,44,0,28,0,0,28
26015,MI,Barry County,62423,2142,57629,344,225,267,16,1800,48234,1308,45220,216,174,215,8,1093,14189,834,12409,128,51,52,8,707,27351,24076,3275,496,168,38,0,130,0,328,260,0,68
26017,MI,Bay County,103856,5930,91945,1672,363,570,2,3374,83217,3735,75548,1213,279,468,1,1973,20639,2195,16397,459,84,102,1,1401,48562,45005,3557,1177,639,116,0,486,37,538,0,0,538
26019,MI,Benzie County,17970,391,16819,74,165,83,0,438,14838,261,14031,48,133,67,0,298,3132,130,2788,26,32,16,0,140,12099,7753,4346,197,135,7,0,128,0,62,0,0,62
26021,MI,Berrien County,154316,9210,113734,21460,753,3241,113,5805,121067,5725,93434,15349,542,2566,87,3364,33249,3485,20300,6111,211,675,26,2441,76821,63955,12866,2517,823,0,22,801,0,1694,1172,0,522
26023,MI,Branch County,44862,2583,39487,1160,134,281,11,1206,34007,1570,30316,1044,117,212,5,743,10855,1013,9171,116,17,69,6,463,20749,16780,3969,1778,1684,1423,0,261,0,94,0,0,94
26025,MI,Calhoun County,134310,7426,101665,14510,692,3795,32,6190,103647,4706,81955,10505,501,2631,18,3331,30663,2720,19710,4005,191,1164,14,2859,59518,54406,5112,3047,1300,359,264,572,105,1747,1036,0,711
26027,MI,Cass County,51589,2161,43927,2341,524,348,12,2276,40513,1274,35450,1853,363,273,9,1291,11076,887,8477,488,161,75,3,985,25291,20707,4584,641,193,44,0,149,0,448,370,0,78
26029,MI,Charlevoix County,26054,425,24217,106,368,134,11,793,21255,257,20016,75,294,98,10,505,4799,168,4201,31,74,36,1,288,17451,11274,6177,309,182,9,0,173,0,127,0,0,127
26033,MI,Chippewa County,36785,757,24824,2642,5609,202,14,2737,29926,488,21104,2580,3884,144,13,1713,6859,269,3720,62,1725,58,1,1024,20268,13837,6431,4915,4141,3950,0,191,0,774,614,0,160
26035,MI,Clare County,30856,621,29018,164,182,82,1,788,24685,415,23400,121,140,70,0,539,6171,206,5618,43,42,12,1,249,21818,13279,8539,357,273,120,0,153,0,84,0,0,84
26039,MI,Crawford County,12988,292,12157,66,83,61,4,325,10653,177,10095,44,67,50,4,216,2335,115,2062,22,16,11,0,109,10174,5663,4511,229,154,36,0,118,0,75,8,0,67
26041,MI,Delta County,36903,543,33775,114,819,163,10,1479,29711,328,27681,83,584,142,7,886,7192,215,6094,31,235,21,3,593,19786,16290,3496,531,368,41,19,308,0,163,29,0,134
26045,MI,Eaton County,109175,6527,88306,7592,311,2482,15,3942,85978,4236,71543,5781,249,1864,14,2291,23197,2291,16763,1811,62,618,1,1651,47497,44950,2547,1940,850,174,81,581,14,1090,767,0,323
26049,MI,Genesee County,406211,16259,287968,79670,1412,4217,135,16550,315909,10629,232443,58376,1149,3404,83,9825,90302,5630,55525,21294,263,813,52,6725,183087,167118,15969,4929,2423,507,120,1796,0,2506,691,0,1815
26051,MI,Gladwin County,25386,482,24089,79,96,77,0,563,20577,315,19684,63,81,55,0,379,4809,167,4405,16,15,22,0,184,16862,11006,5856,205,134,26,0,108,0,71,0,0,71
26055,MI,Grand Traverse County,95238,3010,86818,661,887,852,43,2967,76419,1982,70800,479,689,663,39,1767,18819,1028,16018,182,198,189,4,1200,45776,39819,5957,2055,547,125,0,422,0,1508,680,0,828
26057,MI,Gratiot County,41761,3153,35188,2231,160,176,29,824,32681,1984,27988,1981,135,116,13,464,9080,1169,7200,250,25,60,16,360,16032,14764,1268,5766,4157,3678,23,456,0,1609,1481,0,128
26061,MI,Houghton County,37361,669,34273,326,161,871,22,1039,29863,516,27506,251,123,738,19,710,7498,153,6767,75,38,133,3,329,18632,14299,4333,3978,421,34,0,387,0,3557,3170,0,387
26063,MI,Huron County,31407,840,29751,89,77,155,5,490,25451,563,24353,56,55,114,5,305,5956,277,5398,33,22,41,0,185,20319,14048,6271,425,285,40,0,245,0,140,0,0,140
26067,MI,Ionia County,66804,3364,58179,3247,247,242,7,1518,52305,2173,45738,3148,200,184,6,856,14499,1191,12441,99,47,58,1,662,24638,23108,1530,7158,6976,6796,0,180,0,182,0,0,182
26071,MI,Iron County,11631,206,10953,34,98,45,0,295,9606,106,9192,23,76,38,0,171,2025,100,1761,11,22,7,0,124,8878,5521,3357,275,222,20,1,201,0,53,0,0,53
18171,IN,Warren County,8440,193,8053,11,7,30,0,146,6524,119,6277,10,5,21,0,92,1916,74,1776,1,2,9,0,54,3659,3333,326,85,85,27,0,58,0,0,0,0,0
18175,IN,Washington County,28182,400,26785,137,67,103,10,680,21658,228,20788,90,50,81,10,411,6524,172,5997,47,17,22,0,269,12093,11031,1062,348,313,139,0,174,0,35,0,0,35
18177,IN,Wayne County,66553,2495,57284,3161,146,753,14,2700,51683,1499,45535,2469,118,602,13,1447,14870,996,11749,692,28,151,1,1253,30752,27409,3343,2160,1303,270,64,810,159,857,685,0,172
18181,IN,White County,24688,2453,21409,119,50,97,6,554,18989,1452,17000,83,34,78,6,336,5699,1001,4409,36,16,19,0,218,12866,9936,2930,212,200,31,0,169,0,12,0,0,12
18183,IN,Whitley County,34191,841,32084,174,92,181,3,816,26370,520,25007,117,63,140,0,523,7821,321,7077,57,29,41,3,293,14837,13857,980,326,241,159,0,82,0,85,0,0,85
25003,MA,Berkshire County,129026,7064,111159,4275,178,2081,23,4246,106768,4751,94420,3210,163,1733,19,2472,22258,2313,16739,1065,15,348,4,1774,69759,57015,12744,5709,1716,188,105,1296,127,3993,3045,0,948
25005,MA,Bristol County,579200,54751,459892,33696,1114,14673,220,14854,461876,35387,380678,24904,882,11325,179,8521,117324,19364,79214,8792,232,3348,41,6333,243464,229293,14171,14139,4970,885,313,3530,242,9169,6660,0,2509
25009,MA,Essex County,809829,182847,550818,29524,882,30135,194,15429,640842,127013,458782,22013,643,23348,142,8901,168987,55834,92036,7511,239,6787,52,6528,327185,309030,18155,19026,7217,2118,287,4779,33,11809,8020,19,3770
25011,MA,Franklin County,71029,3592,62660,1077,130,1230,16,2324,58799,2326,52950,841,116,1042,16,1508,12230,1266,9710,236,14,188,0,816,34345,31323,3022,1683,747,318,45,369,15,936,290,0,646
25015,MA,Hampshire County,162308,11622,129644,4757,220,10844,64,5157,138414,8464,112121,4075,199,9942,50,3563,23894,3158,17523,682,21,902,14,1594,66245,61774,4471,22692,964,143,22,752,47,21728,20717,0,1011
25017,MA,Middlesex County,1632002,143245,1138035,91242,2061,213366,547,43506,1313737,102423,945350,70498,1574,169304,471,24117,318265,40822,192685,20744,487,44062,76,19389,658283,625916,32367,57722,12881,3109,611,8890,271,44841,37287,146,7408
25021,MA,Norfolk County,725981,38110,525397,54364,838,89253,205,17814,577336,26618,428739,42232,668,69668,168,9243,148645,11492,96658,12132,170,19585,37,8571,291489,278326,13163,17735,7417,2381,322,4495,219,10318,7216,0,3102
25023,MA,Plymouth County,530819,23952,422093,61828,1035,9102,248,12561,419524,16126,342507,45378,789,7291,201,7232,111295,7826,79586,16450,246,1811,47,5329,214770,197288,17482,11853,6198,2667,136,3110,285,5655,2971,7,2677
25025,MA,Suffolk County,797936,178527,366621,148667,1339,82116,422,20244,670286,132227,330951,117136,1056,73733,365,14818,127650,46300,35670,31531,283,8383,57,5426,349616,324655,24961,47924,5803,915,720,3834,334,42121,35750,146,6225
25027,MA,Worcester County,862111,111902,631562,47652,1321,47265,281,22128,683585,76346,521809,34909,1049,36028,220,13224,178526,35556,109753,12743,272,11237,61,8904,351764,331797,19967,28165,10303,3986,446,5523,348,17862,14367,0,3495
39001,OH,Adams County,27477,217,26310,97,75,46,1,731,20896,118,20122,76,65,39,1,475,6581,99,6188,21,10,7,0,256,12692,10938,1754,305,218,19,0,199,0,87,0,0,87
39003,OH,Allen County,102206,3272,80678,12685,241,899,45,4386,78419,2029,64073,9307,188,705,31,2086,23787,1243,16605,3378,53,194,14,2300,44563,40935,3628,3522,2479,1513,0,966,0,1043,788,0,255
39005,OH,Ashland County,52447,862,49317,420,84,333,34,1397,40638,550,38504,307,66,284,33,894,11809,312,10813,113,18,49,1,503,22471,20700,1771,1522,698,91,71,536,0,824,598,0,226
39007,OH,Ashtabula County,97574,4489,85441,3608,160,370,14,3492,76412,2766,68194,2978,128,308,13,2025,21162,1723,17247,630,32,62,1,1467,46237,39329,6908,3346,2812,1871,4,927,10,534,89,0,445
39009,OH,Athens County,62431,1450,54620,2852,226,1240,3,2040,52633,1217,46014,2628,215,1071,2,1486,9798,233,8606,224,11,169,1,554,26386,23696,2690,8009,497,123,6,285,83,7512,7432,0,80
39011,OH,Auglaize County,46422,781,43912,272,79,259,40,1079,35366,480,33796,174,61,211,20,624,11056,301,10116,98,18,48,20,455,19873,18602,1271,481,469,36,0,433,0,12,0,0,12
39013,OH,Belmont County,66497,824,61235,2134,89,281,13,1921,53782,545,49897,1860,74,235,10,1161,12715,279,11338,274,15,46,3,760,31618,27333,4285,3757,3525,2771,37,717,0,232,0,0,232
39015,OH,Brown County,43676,487,41427,334,71,96,3,1258,33734,281,32224,253,65,75,2,834,9942,206,9203,81,6,21,1,424,19324,17153,2171,516,474,56,0,418,0,42,0,0,42
39017,OH,Butler County,390357,25265,298097,34797,633,15881,490,15194,299082,15477,237303,24723,514,12277,325,8463,91275,9788,60794,10074,119,3604,165,6731,153741,145159,8582,12649,3668,1071,37,2543,17,8981,8375,0,606
39019,OH,Carroll County,26721,299,25480,136,74,58,5,669,21151,204,20300,100,65,47,2,433,5570,95,5180,36,9,11,3,236,13395,11065,2330,341,218,36,0,182,0,123,0,0,123
39021,OH,Champaign County,38714,648,35623,741,81,140,8,1473,29878,388,27875,573,66,102,6,868,8836,260,7748,168,15,38,2,605,16862,15638,1224,447,392,110,0,282,0,55,0,0,55
39023,OH,Clark County,136001,5313,110863,12296,321,979,94,6135,105692,3201,89037,9120,265,777,64,3228,30309,2112,21826,3176,56,202,30,2907,60987,55844,5143,2520,1467,186,23,1258,0,1053,834,0,219
39025,OH,Clermont County,208601,4956,189778,3457,361,2601,62,7386,160815,3121,148422,2494,307,2009,40,4422,47786,1835,41356,963,54,592,22,2964,86363,81944,4419,2114,1646,226,20,1400,0,468,0,0,468
39027,OH,Clinton County,42018,765,38610,883,100,225,7,1428,32671,466,30422,706,80,178,7,812,9347,299,8188,177,20,47,0,616,17906,16464,1442,1317,414,51,0,363,0,903,811,0,92
39029,OH,Columbiana County,101877,1752,94572,2173,170,373,20,2817,81318,1113,76280,1812,142,284,19,1668,20559,639,18292,361,28,89,1,1149,46091,41706,4385,3717,3428,2531,7,890,0,289,0,0,289
39031,OH,Coshocton County,36612,401,34773,408,63,106,7,854,27671,213,26503,284,60,89,5,517,8941,188,8270,124,3,17,2,337,16324,14621,1703,349,248,59,0,189,0,101,0,0,101
39033,OH,Crawford County,42025,638,39711,339,48,144,12,1133,33149,379,31692,239,43,107,12,677,8876,259,8019,100,5,37,0,456,19865,18069,1796,456,395,61,0,334,0,61,13,0,48
39035,OH,Cuyahoga County,1264817,83327,729920,367873,1949,44525,293,36930,1008892,57215,615019,277070,1537,35621,232,22198,255925,26112,114901,90803,412,8904,61,14732,615825,555988,59837,27271,12408,1807,400,10147,54,14863,8955,0,5908
39039,OH,Defiance County,38286,3950,32592,624,80,149,16,875,29420,2540,25658,489,69,115,15,534,8866,1410,6934,135,11,34,1,341,16539,15482,1057,689,304,0,0,299,5,385,265,0,120
39041,OH,Delaware County,214124,7012,173517,7967,252,18290,65,7021,157099,4233,130679,5731,151,12698,41,3566,57025,2779,42838,2236,101,5592,24,3455,81854,77713,4141,1897,755,123,15,617,0,1142,1011,0,131
39045,OH,Fairfield County,158921,4021,131991,13527,294,3125,34,5929,120333,2426,102863,9191,236,2287,29,3301,38588,1595,29128,4336,58,838,5,2628,62466,58691,3775,3333,3138,1833,44,1257,4,195,0,0,195
39047,OH,Fayette County,28951,681,26456,553,44,183,12,1022,22198,409,20603,445,38,135,6,562,6753,272,5853,108,6,48,6,460,12663,11752,911,351,351,95,18,238,0,0,0,0,0
39051,OH,Fulton County,42713,3791,37391,255,61,167,7,1041,32659,2408,29292,159,55,108,6,631,10054,1383,8099,96,6,59,1,410,17689,16801,888,366,329,0,0,329,0,37,0,0,37
39053,OH,Gallia County,29220,262,27197,624,56,157,5,919,22432,168,21067,485,49,123,3,537,6788,94,6130,139,7,34,2,382,13430,11665,1765,596,381,40,40,301,0,215,181,0,34
39057,OH,Greene County,167966,5216,137341,11604,340,5640,92,7733,132605,3422,110413,9413,276,4569,74,4438,35361,1794,26928,2191,64,1071,18,3295,71336,66831,4505,7792,1450,202,24,1211,13,6342,5822,270,250
39059,OH,Guernsey County,38438,444,36028,552,88,159,7,1160,30106,281,28479,418,77,128,7,716,8332,163,7549,134,11,31,0,444,19009,16100,2909,536,309,68,21,220,0,227,0,0,227
39063,OH,Hancock County,74920,4198,65721,1436,92,1423,27,2023,58460,2707,52401,1067,71,1064,20,1130,16460,1491,13320,369,21,359,7,893,33655,31107,2548,1774,653,0,0,653,0,1121,929,0,192
39065,OH,Hardin County,30696,697,28585,280,49,176,8,901,23628,445,22264,200,43,144,8,524,7068,252,6321,80,6,32,0,377,12883,11638,1245,1801,169,0,0,169,0,1632,1619,0,13
39069,OH,Henry County,27662,2187,24615,166,58,131,4,501,21212,1362,19277,118,53,103,1,298,6450,825,5338,48,5,28,3,203,12036,11262,774,306,276,0,13,263,0,30,0,0,30
39073,OH,Hocking County,28050,232,26763,157,48,77,0,773,21922,136,21067,100,45,58,0,516,6128,96,5696,57,3,19,0,257,12987,11429,1558,196,165,0,0,165,0,31,0,0,31
39075,OH,Holmes County,44223,474,43011,129,33,70,7,499,30519,293,29724,98,29,47,6,322,13704,181,13287,31,4,23,1,177,14588,13490,1098,745,706,24,0,682,0,39,0,0,39
39079,OH,Jackson County,32653,306,31062,175,92,108,2,908,24906,193,23803,146,74,89,1,600,7747,113,7259,29,18,19,1,308,14399,12936,1463,314,284,36,0,248,0,30,0,0,30
39081,OH,Jefferson County,65249,1159,57437,3705,112,372,30,2434,52568,746,47267,2753,93,288,26,1395,12681,413,10170,952,19,84,4,1039,31125,27464,3661,2386,728,210,13,505,0,1658,1485,0,173
39085,OH,Lake County,232603,11362,199677,11005,247,3322,42,6948,187311,6940,165348,8102,200,2696,36,3989,45292,4422,34329,2903,47,626,6,2959,105315,99590,5725,2460,1801,257,0,1502,42,659,430,0,229
39087,OH,Lawrence County,58240,618,54328,1136,137,241,8,1772,45579,418,42896,913,111,181,2,1058,12661,200,11432,223,26,60,6,714,26501,23872,2629,562,432,44,58,330,0,130,0,0,130
39091,OH,Logan County,46150,1004,42155,732,88,354,12,1805,35835,643,33207,566,75,270,12,1062,10315,361,8948,166,13,84,0,743,23657,19062,4595,404,306,0,17,289,0,98,0,0,98
39093,OH,Lorain County,312964,32917,240866,23392,521,3692,56,11520,245242,21461,196202,17680,437,2891,47,6524,67722,11456,44664,5712,84,801,9,4996,134341,125239,9102,9212,5613,3542,24,2047,0,3599,2399,0,1200
39097,OH,Madison County,43824,1263,38093,2709,61,273,5,1420,34632,782,30187,2546,50,213,5,849,9192,481,7906,163,11,60,0,571,16216,15234,982,5125,4815,4563,0,252,0,310,76,0,234
39101,OH,Marion County,65359,1956,56612,4138,142,376,16,2119,51628,1205,45222,3657,117,319,9,1099,13731,751,11390,481,25,57,7,1020,27348,24932,2416,5567,5482,5117,51,314,0,85,0,0,85
39103,OH,Medina County,182470,4592,167835,2483,199,2263,31,5067,142218,2854,132690,1811,165,1727,20,2951,40252,1738,35145,672,34,536,11,2116,75169,71647,3522,1731,1338,128,17,1193,0,393,0,0,393
39107,OH,Mercer County,42528,928,39944,213,64,197,564,618,31679,575,30117,142,55,143,300,347,10849,353,9827,71,9,54,264,271,17888,16288,1600,535,434,37,0,397,0,101,74,0,27
39109,OH,Miami County,108774,2199,97976,2730,158,1706,24,3981,83447,1335,76505,2011,125,1263,21,2187,25327,864,21471,719,33,443,3,1794,46766,44086,2680,970,794,128,18,648,0,176,28,0,148
39113,OH,Montgomery County,537309,21179,365007,113985,972,13040,259,22867,420586,13886,298080,83858,784,10347,189,13442,116723,7293,66927,30127,188,2693,70,9425,251523,228536,22987,13460,5736,1393,79,4214,50,7724,6113,0,1611
39115,OH,Morgan County,13802,127,12618,415,21,29,3,589,10947,82,10111,330,20,22,2,380,2855,45,2507,85,1,7,1,209,7232,5845,1387,131,131,0,0,131,0,0,0,0,0
39119,OH,Muskingum County,86410,1055,77741,3123,142,425,10,3914,66950,629,61301,2427,122,326,8,2137,19460,426,16440,696,20,99,2,1777,38358,35091,3267,1627,704,151,20,533,0,923,765,0,158
06093,CA,Siskiyou County,44076,5527,32681,545,1767,899,48,2609,35590,3729,27711,438,1219,716,47,1730,8486,1798,4970,107,548,183,1,879,22929,19219,3710,589,193,81,0,89,23,396,178,0,218
06099,CA,Stanislaus County,552878,265978,212812,15133,2660,33618,4034,18643,407908,177717,174837,11579,2171,25987,3218,12399,144970,88261,37975,3554,489,7631,816,6244,183140,176738,6402,6497,2524,377,110,2037,0,3973,725,0,3248
06105,CA,Trinity County,16112,937,11587,92,419,2223,25,829,13419,684,9922,81,325,1822,17,568,2693,253,1665,11,94,401,8,261,8183,6290,1893,259,119,107,0,12,0,140,8,0,132
06111,CA,Ventura County,843843,365285,369134,15087,2092,63925,1474,26846,656198,257845,313069,12444,1726,52655,1204,17255,187645,107440,56065,2643,366,11270,270,9591,293080,279715,13365,12148,2892,584,468,1822,18,9256,3092,998,5166
05001,AR,Arkansas County,17149,636,11681,4150,34,98,9,541,13293,388,9418,3068,26,83,0,310,3856,248,2263,1082,8,15,9,231,8671,7293,1378,325,231,93,0,138,0,94,0,0,94
05007,AR,Benton County,284333,50540,194434,4794,3815,13729,2606,14415,208604,32032,150177,3371,2730,10052,1463,8779,75729,18508,44257,1423,1085,3677,1143,5636,113088,104111,8977,3014,1463,393,110,960,0,1551,826,0,725
05011,AR,Bradley County,10545,1575,5761,2924,29,28,1,227,7857,939,4583,2174,26,25,0,110,2688,636,1178,750,3,3,1,117,5073,4277,796,214,126,0,44,82,0,88,0,0,88
05017,AR,Chicot County,10208,581,3932,5410,26,48,9,202,8005,378,3362,4058,16,47,9,135,2203,203,570,1352,10,1,0,67,5104,4142,962,679,679,632,0,47,0,0,0,0,0
05023,AR,Cleburne County,24711,632,22984,70,113,101,12,799,20099,378,18895,53,101,90,7,575,4612,254,4089,17,12,11,5,224,15527,10819,4708,260,238,19,0,219,0,22,0,0,22
05029,AR,Conway County,20715,886,16328,2200,136,91,8,1066,15984,567,12889,1687,106,73,8,654,4731,319,3439,513,30,18,0,412,9646,8387,1259,170,150,26,30,94,0,20,0,0,20
05033,AR,Crawford County,60133,4567,48254,901,1370,954,31,4056,45387,2789,37690,624,933,755,20,2576,14746,1778,10564,277,437,199,11,1480,25300,22986,2314,690,603,152,0,451,0,87,0,0,87
05039,AR,Dallas County,6482,201,3457,2594,14,10,0,206,5097,119,2879,1965,13,8,0,113,1385,82,578,629,1,2,0,93,3468,2770,698,234,234,85,35,81,33,0,0,0,0
05045,AR,Faulkner County,123498,6790,93808,14485,567,1506,63,6279,94673,4392,74020,10461,441,1174,45,4140,28825,2398,19788,4024,126,332,18,2139,51685,47622,4063,4750,1233,72,53,1108,0,3517,3350,0,167
05051,AR,Garland County,100180,7047,78272,8173,632,999,75,4982,79730,4390,64886,5955,524,812,54,3109,20450,2657,13386,2218,108,187,21,1873,52326,42997,9329,1631,977,241,64,672,0,654,238,0,416
05055,AR,Greene County,45736,1596,41038,956,141,192,290,1523,34486,930,31597,543,124,137,159,996,11250,666,9441,413,17,55,131,527,19159,17673,1486,839,652,245,25,382,0,187,133,0,54
05061,AR,Howard County,12785,1517,8043,2639,82,64,5,435,9548,891,6338,1930,64,64,1,260,3237,626,1705,709,18,0,4,175,6152,5096,1056,170,159,5,0,154,0,11,0,0,11
05067,AR,Jackson County,16755,461,12848,2782,46,70,5,543,13442,288,10534,2196,42,52,3,327,3313,173,2314,586,4,18,2,216,7079,6203,876,2344,2296,2142,0,154,0,48,0,0,48
05073,AR,Lafayette County,6308,145,3903,2044,29,33,8,146,5078,109,3230,1603,29,27,5,75,1230,36,673,441,0,6,3,71,3916,2842,1074,82,82,14,0,68,0,0,0,0,0
05077,AR,Lee County,8600,216,3454,4661,19,15,1,234,7029,166,2956,3701,19,12,0,175,1571,50,498,960,0,3,1,59,3695,3103,592,1633,1613,1556,0,57,0,20,0,0,20
05083,AR,Logan County,21131,640,18825,235,228,333,9,861,16279,380,14745,173,173,245,4,559,4852,260,4080,62,55,88,5,302,9744,8449,1295,375,191,24,0,167,0,184,0,0,184
05089,AR,Marion County,16826,379,15602,25,127,58,0,635,13820,241,12934,17,92,52,0,484,3006,138,2668,8,35,6,0,151,9461,7480,1981,158,158,22,0,136,0,0,0,0,0
05093,AR,Mississippi County,40685,1771,23115,14325,69,253,4,1148,30188,1062,18197,10035,60,189,3,642,10497,709,4918,4290,9,64,1,506,19075,16036,3039,777,767,519,0,248,0,10,0,0,10
05141,AR,Van Buren County,15796,501,14452,75,110,58,2,598,12778,311,11813,60,91,50,2,451,3018,190,2639,15,19,8,0,147,9668,7012,2656,59,49,20,0,29,0,10,0,0,10
05147,AR,Woodruff County,6269,96,4310,1614,8,25,3,213,4953,64,3448,1295,8,14,0,124,1316,32,862,319,0,11,3,89,3250,2775,475,105,105,22,0,83,0,0,0,0,0
09001,CT,Fairfield County,957419,205351,573549,104559,1072,52192,262,20434,743170,144493,465813,80601,770,40272,216,11005,214249,60858,107736,23958,302,11920,46,9429,378479,354084,24395,18515,6779,2492,28,4248,11,11736,8237,0,3499
09007,CT,Middlesex County,164245,11928,134116,8292,223,5025,49,4612,135983,8224,113902,6640,171,4117,38,2891,28262,3704,20214,1652,52,908,11,1721,76289,68685,7604,6476,1867,28,33,1504,302,4609,3042,0,1567
09013,CT,Tolland County,149788,9699,121819,5275,197,8547,52,4199,123584,6825,102294,4387,160,7184,46,2688,26204,2874,19525,888,37,1363,6,1511,60876,56894,3982,13723,1980,1300,55,570,55,11743,11378,0,365
02013,AK,Aleutians East Borough,3420,674,671,300,804,774,32,165,3120,658,646,300,611,764,27,114,300,16,25,0,193,10,5,51,679,483,196,2200,0,0,0,0,0,2200,0,0,2200
02050,AK,Bethel Census Area,18666,207,1665,89,15586,203,2,914,12130,144,1419,82,9791,182,2,510,6536,63,246,7,5795,21,0,404,5984,4897,1087,455,243,222,21,0,0,212,18,5,189
02066,NA,NA,2617,84,1606,10,645,19,10,243,2031,49,1351,9,450,19,8,145,586,35,255,1,195,0,2,98,2769,1134,1635,28,0,0,0,0,0,28,0,0,28
02090,AK,Fairbanks North Star Borough,95655,7320,65016,4108,7330,3125,589,8167,72748,5007,51552,3258,5211,2633,414,4673,22907,2313,13464,850,2119,492,175,3494,42659,36521,6138,3985,719,332,104,283,0,3266,346,2322,598
02110,AK,Juneau City and Borough,32255,2077,20135,373,3399,2113,470,3688,25367,1392,16820,308,2569,1731,328,2219,6888,685,3315,65,830,382,142,1469,14093,12940,1153,957,415,255,35,125,0,542,185,0,357
02150,AK,Kodiak Island Borough,13101,1024,6420,115,1768,2799,107,868,9874,683,5109,90,1245,2165,81,501,3227,341,1311,25,523,634,26,367,5825,4612,1213,504,74,35,12,18,9,430,0,306,124
02164,AK,Lake and Peninsula Borough,1476,34,307,1,996,7,0,131,1025,20,254,1,684,5,0,61,451,14,53,0,312,2,0,70,1469,543,926,21,0,0,0,0,0,21,0,0,21
02185,AK,North Slope Borough,11031,548,2999,166,5681,644,321,672,8179,477,2859,159,3634,494,240,316,2852,71,140,7,2047,150,81,356,2619,2190,429,3133,19,7,12,0,0,3114,11,17,3086
02198,AK,Prince of Wales-Hyder Census Area,5753,160,2422,25,2529,31,30,556,4383,93,2087,24,1789,18,19,353,1370,67,335,1,740,13,11,203,3227,2312,915,37,5,5,0,0,0,32,0,0,32
02240,AK,Southeast Fairbanks Census Area,6808,376,5043,74,797,89,13,416,5223,257,4002,62,568,77,12,245,1585,119,1041,12,229,12,1,171,3513,2445,1068,612,0,0,0,0,0,612,0,25,587
08001,CO,Adams County,519572,216649,244449,16801,2922,22892,768,15091,386271,144998,199070,12310,2342,17537,591,9423,133301,71651,45379,4491,580,5355,177,5668,186544,178525,8019,4464,3125,1485,86,1547,7,1339,0,0,1339
08005,CO,Arapahoe County,655070,135729,375417,69502,2731,42380,1659,27652,501680,91366,306511,50969,2184,32811,1168,16671,153390,44363,68906,18533,547,9569,491,10981,262493,250206,12287,5398,3764,1118,103,2540,3,1634,36,334,1264
08011,CO,Bent County,5650,1760,3349,257,92,40,0,152,4745,1393,2887,245,91,40,0,89,905,367,462,12,1,0,0,63,2136,1805,331,1542,1454,1395,0,59,0,88,0,0,88
08015,CO,Chaffee County,19476,1841,16504,323,133,144,12,519,16471,1457,14109,292,121,127,9,356,3005,384,2395,31,12,17,3,163,10921,8411,2510,1311,1278,1209,0,69,0,33,0,0,33
08019,CO,Clear Creek County,9397,648,8278,67,41,86,10,267,8011,495,7153,52,33,75,10,193,1386,153,1125,15,8,11,0,74,5672,4391,1281,68,41,36,5,0,0,27,0,0,27
08025,CO,Crowley County,5922,1608,3469,517,153,70,2,103,5284,1378,3102,505,153,69,0,77,638,230,367,12,0,1,2,26,1509,1317,192,2883,2883,2850,0,33,0,0,0,0,0
08031,CO,Denver County,715522,199460,396355,62430,3829,27680,1425,24343,581062,142473,346992,47659,3134,23171,986,16647,134460,56987,49363,14771,695,4509,439,7696,344980,317326,27654,15917,5988,3236,185,2478,89,9929,4445,0,5484
08079,CO,Mineral County,865,47,781,0,4,3,0,30,773,33,712,0,4,3,0,21,92,14,69,0,0,0,0,9,1215,424,791,0,0,0,0,0,0,0,0,0,0
08085,CO,Montrose County,42679,9027,31654,207,269,356,28,1138,33608,5987,26178,151,217,288,16,771,9071,3040,5476,56,52,68,12,367,18952,17482,1470,660,293,72,0,221,0,367,0,0,367
08089,CO,Otero County,18690,7702,10176,160,116,110,29,397,14318,5340,8352,131,103,88,19,285,4372,2362,1824,29,13,22,10,112,8716,7676,1040,423,173,8,0,165,0,250,211,0,39
08095,CO,Phillips County,4530,1155,3254,11,12,23,1,74,3401,758,2554,9,9,19,1,51,1129,397,700,2,3,4,0,23,2025,1814,211,71,71,0,0,71,0,0,0,0,0
08101,CO,Pueblo County,168162,69921,87448,3254,1282,1683,151,4423,130863,49706,73007,2622,1060,1372,121,2975,37299,20215,14441,632,222,311,30,1448,71981,67095,4886,3574,2868,1085,186,1178,419,706,226,0,480
08107,CO,Routt County,24829,2200,21598,182,68,181,38,562,20060,1484,17778,142,64,143,37,412,4769,716,3820,40,4,38,1,150,16511,10388,6123,362,139,25,0,114,0,223,167,0,56
08111,CO,San Juan County,705,90,583,1,6,2,0,23,600,56,521,0,2,0,0,21,105,34,62,1,4,2,0,2,779,369,410,0,0,0,0,0,0,0,0,0,0
08117,CO,Summit County,31055,5335,24191,279,69,423,21,737,25853,3744,20888,244,59,377,21,520,5202,1591,3303,35,10,46,0,217,31342,12939,18403,559,20,20,0,0,0,539,0,0,539
08123,CO,Weld County,328981,98462,209567,4507,1354,5864,315,8912,241833,64192,163248,3167,1069,4371,217,5569,87148,34270,46319,1340,285,1493,98,3343,119962,113995,5967,5195,1730,737,140,853,0,3465,2769,0,696
10001,DE,Kent County,181851,13981,106817,46401,890,4514,121,9127,139805,8961,86347,34794,740,3656,95,5212,42046,5020,20470,11607,150,858,26,3915,72708,68290,4418,4081,979,111,42,764,62,3102,2813,93,196
30001,MT,Beaverhead County,9371,431,8444,38,120,41,3,294,7524,303,6913,19,72,24,3,190,1847,128,1531,19,48,17,0,104,4918,4108,810,395,200,5,115,80,0,195,150,0,45
30007,MT,Broadwater County,6774,200,6275,23,44,8,0,224,5309,125,4983,15,38,7,0,141,1465,75,1292,8,6,1,0,83,3172,2795,377,56,37,24,0,13,0,19,0,0,19
30013,MT,Cascade County,84414,4012,69948,1214,3739,969,108,4424,65587,2650,55824,956,2662,807,93,2595,18827,1362,14124,258,1077,162,15,1829,38937,35011,3926,3111,1160,560,26,563,11,1951,366,619,966
30017,MT,Custer County,11867,362,10824,74,192,54,7,354,9247,238,8540,53,140,46,7,223,2620,124,2284,21,52,8,0,131,5776,5024,752,482,259,109,22,128,0,223,161,0,62
55061,WI,Kewaunee County,20563,834,19167,70,55,74,2,361,16113,490,15279,51,49,50,2,192,4450,344,3888,19,6,24,0,169,9267,8397,870,222,105,17,0,88,0,117,0,0,117
55067,WI,Langlade County,19491,459,18128,117,235,71,4,477,15647,251,14841,58,169,57,4,267,3844,208,3287,59,66,14,0,210,12138,8641,3497,259,224,71,13,140,0,35,0,0,35
55073,WI,Marathon County,138013,4453,119939,1246,550,8478,31,3316,106877,2584,96001,854,418,5296,29,1695,31136,1869,23938,392,132,3182,2,1621,59828,56517,3311,1882,1285,262,7,843,173,597,49,0,548
55078,WI,Menominee County,4255,136,489,3,3549,2,2,74,2893,81,471,2,2284,2,0,53,1362,55,18,1,1265,0,2,21,2145,1361,784,8,0,0,0,0,0,8,0,0,8
55085,WI,Oneida County,37845,575,35628,238,442,208,19,735,31461,365,29964,178,318,167,6,463,6384,210,5664,60,124,41,13,272,30465,17404,13061,606,505,260,0,245,0,101,27,0,74
55091,WI,Pepin County,7318,157,6959,22,33,23,0,124,5705,96,5460,19,26,17,0,87,1613,61,1499,3,7,6,0,37,3573,3085,488,24,10,10,0,0,0,14,0,0,14
55097,WI,Portage County,70377,2620,62810,943,244,2267,17,1476,56525,1715,51431,705,215,1645,17,797,13852,905,11379,238,29,622,0,679,31148,29138,2010,3039,127,40,0,87,0,2912,2595,0,317
55103,WI,Richland County,17304,526,16201,98,42,102,0,335,13369,312,12720,47,33,73,0,184,3935,214,3481,51,9,29,0,151,8475,7141,1334,421,141,30,14,97,0,280,27,0,253
55109,WI,St. Croix County,93536,2679,86572,723,238,1024,35,2265,70347,1636,65972,500,192,773,26,1248,23189,1043,20600,223,46,251,9,1017,37369,35892,1477,996,642,183,4,455,0,354,0,0,354
56017,WY,Hot Springs County,4621,177,4200,13,42,21,5,163,3653,98,3376,9,31,20,2,117,968,79,824,4,11,1,3,46,2551,2034,517,107,94,11,12,71,0,13,0,0,13
56025,WY,Natrona County,79955,7169,67601,813,772,668,80,2852,60437,4444,52589,601,548,523,51,1681,19518,2725,15012,212,224,145,29,1171,36808,32699,4109,1252,740,275,41,356,68,512,322,0,190
56031,WY,Platte County,8605,695,7563,28,67,48,4,200,6889,460,6184,8,57,35,4,141,1716,235,1379,20,10,13,0,59,4595,3776,819,111,111,44,0,67,0,0,0,0,0
56037,WY,Sweetwater County,42272,6957,32988,387,261,301,62,1316,31070,4412,25086,289,194,256,38,795,11202,2545,7902,98,67,45,24,521,19145,16625,2520,667,241,74,3,164,0,426,297,0,129
56043,WY,Washakie County,7685,1070,6372,24,45,38,1,135,5846,662,4994,12,31,35,1,111,1839,408,1378,12,14,3,0,24,3849,3271,578,133,120,0,52,68,0,13,0,0,13
48003,TX,Andrews County,18610,10400,7484,204,97,111,0,314,12948,6731,5694,166,71,75,0,211,5662,3669,1790,38,26,36,0,103,7020,6262,758,67,59,0,0,59,0,8,0,0,8
48009,TX,Archer County,8560,742,7438,36,71,22,0,251,6612,474,5862,27,51,19,0,179,1948,268,1576,9,20,3,0,72,3865,3396,469,68,55,26,0,29,0,13,0,0,13
48015,TX,Austin County,30167,8052,18752,2391,79,213,9,671,23157,5357,15325,1815,66,173,8,413,7010,2695,3427,576,13,40,1,258,13779,11618,2161,285,167,40,30,97,0,118,0,0,118
48021,TX,Bastrop County,97216,41484,46588,5595,321,763,65,2400,73027,27108,38943,4445,270,626,51,1584,24189,14376,7645,1150,51,137,14,816,36683,33267,3416,2167,2116,1647,0,469,0,51,0,0,51
48027,TX,Bell County,370647,93467,160025,81904,1493,11154,3472,19132,272163,61176,128408,58823,1174,9210,2451,10921,98484,32291,31617,23081,319,1944,1021,8211,147599,135673,11926,8733,2461,971,38,1440,12,6272,1848,4151,273
48033,TX,Borden County,631,86,530,1,0,1,0,13,471,53,415,0,0,0,0,3,160,33,115,1,0,1,0,10,359,256,103,0,0,0,0,0,0,0,0,0,0
48037,TX,Bowie County,92893,7602,56501,23249,558,1118,71,3794,71537,5263,45456,17229,449,870,47,2223,21356,2339,11045,6020,109,248,24,1571,39536,35518,4018,5649,5343,4733,0,610,0,306,128,0,178
48043,TX,Brewster County,9546,3963,5051,176,31,100,11,214,7846,2982,4406,154,26,82,11,185,1700,981,645,22,5,18,0,29,5930,4230,1700,486,25,25,0,0,0,461,450,0,11
48049,TX,Brown County,38095,8211,26972,1377,138,279,28,1090,29878,5525,22175,1053,124,216,27,758,8217,2686,4797,324,14,63,1,332,18897,15074,3823,1706,1200,572,124,504,0,506,459,0,47
48055,TX,Caldwell County,45883,25468,16865,2275,131,251,5,888,34034,17100,14168,1861,114,198,5,588,11849,8368,2697,414,17,53,0,300,16379,15010,1369,2412,1654,1172,160,322,0,758,0,0,758
48061,TX,Cameron County,421017,376680,38229,1637,377,2692,88,1314,301208,264000,32447,1219,286,2224,65,967,119809,112680,5782,418,91,468,23,347,154905,132507,22398,4248,3410,2033,336,997,44,838,317,0,521
48067,TX,Cass County,28454,1336,21238,4558,157,129,11,1025,22227,844,17077,3449,128,94,10,625,6227,492,4161,1109,29,35,1,400,13870,11738,2132,363,315,50,0,265,0,48,0,0,48
48073,TX,Cherokee County,50412,11797,30393,6402,129,276,19,1396,37887,7472,24283,4945,118,216,7,846,12525,4325,6110,1457,11,60,12,550,20838,17992,2846,2173,2120,1554,0,307,259,53,0,0,53
48079,TX,Cochran County,2547,1527,926,62,8,0,0,24,1817,1019,723,57,4,0,0,14,730,508,203,5,4,0,0,10,1242,940,302,14,14,14,0,0,0,0,0,0,0
48085,TX,Collin County,1064465,169158,552395,110024,3954,189284,658,38992,786838,112750,432780,78923,2819,136707,520,22339,277627,56408,119615,31101,1135,52577,138,16653,403481,381318,22163,6816,3432,900,77,2455,0,3384,3106,0,278
48133,TX,Eastland County,17725,2934,13759,341,96,98,16,481,13986,1953,11239,292,68,78,15,341,3739,981,2520,49,28,20,1,140,9341,7167,2174,782,181,34,0,147,0,601,524,0,77
48139,TX,Ellis County,192455,52032,108112,24005,727,1622,207,5750,140984,33562,84711,17267,562,1233,145,3504,51471,18470,23401,6738,165,389,62,2246,68531,64996,3535,1803,1135,275,110,750,0,668,600,0,68
48145,TX,Falls County,16968,3965,8825,3726,55,56,8,333,13446,2791,7413,2924,49,50,8,211,3522,1174,1412,802,6,6,0,122,7420,5958,1462,2055,2042,1959,0,83,0,13,0,0,13
48151,TX,Fisher County,3672,973,2515,95,15,14,2,58,2862,689,2028,75,15,14,2,39,810,284,487,20,0,0,0,19,2109,1555,554,27,0,0,0,0,0,27,0,0,27
48157,TX,Fort Bend County,822779,198580,249979,169940,1336,182347,305,20292,596993,135560,191338,123000,942,135074,229,10850,225786,63020,58641,46940,394,47273,76,9442,277910,263128,14782,4682,4192,2923,148,814,307,490,0,0,490
48163,TX,Frio County,18385,14171,3161,725,51,208,9,60,13825,10302,2602,666,26,183,5,41,4560,3869,559,59,25,25,4,19,6340,5190,1150,3570,3547,2824,589,134,0,23,0,0,23
48167,TX,Galveston County,350682,88636,194493,43706,1064,12393,232,10158,267382,60159,157322,32689,886,9835,188,6303,83300,28477,37171,11017,178,2558,44,3855,156191,132819,23372,4901,3858,2443,166,1249,0,1043,818,0,225
48173,TX,Glasscock County,1116,387,711,8,0,0,3,7,844,267,564,8,0,0,3,2,272,120,147,0,0,0,0,5,525,428,97,0,0,0,0,0,0,0,0,0,0
48179,TX,Gray County,21227,6347,13167,845,141,131,0,596,16102,4097,10652,727,109,108,0,409,5125,2250,2515,118,32,23,0,187,9996,7939,2057,1540,1516,1388,9,119,0,24,0,0,24
48185,TX,Grimes County,29268,7361,17188,3854,86,114,8,657,23045,5011,14311,3117,60,93,4,449,6223,2350,2877,737,26,21,4,208,12029,10133,1896,2670,2663,2515,0,148,0,7,0,0,7
48191,TX,Hall County,2825,950,1597,191,7,9,0,71,2199,617,1383,141,7,5,0,46,626,333,214,50,0,4,0,25,1744,1220,524,41,41,5,0,36,0,0,0,0,0
48197,TX,Hardeman County,3549,818,2459,132,16,19,1,104,2740,516,2015,109,13,17,0,70,809,302,444,23,3,2,1,34,1804,1509,295,25,6,6,0,0,0,19,0,0,19
26073,MI,Isabella County,64394,3006,53566,2122,2027,1149,18,2506,52028,2063,44022,1874,1456,976,13,1624,12366,943,9544,248,571,173,5,882,28489,25191,3298,5145,480,127,16,330,7,4665,4286,0,379
26077,MI,Kalamazoo County,261670,14776,196527,30222,841,7163,65,12076,204328,9737,159966,21445,662,5776,58,6684,57342,5039,36561,8777,179,1387,7,5392,114021,106906,7115,7299,1415,39,60,1159,157,5884,5217,0,667
26079,MI,Kalkaska County,17939,355,16764,55,140,66,0,559,14327,210,13534,49,111,62,0,361,3612,145,3230,6,29,4,0,198,11570,7438,4132,215,146,30,0,116,0,69,0,0,69
26083,MI,Keweenaw County,2046,27,1964,8,1,1,0,45,1728,10,1682,5,1,0,0,30,318,17,282,3,0,1,0,15,2270,1000,1270,12,0,0,0,0,0,12,0,0,12
26085,MI,Lake County,12096,1195,9474,801,65,48,8,505,10193,1112,8014,656,49,43,7,312,1903,83,1460,145,16,5,1,193,13315,5079,8236,1234,1199,1125,0,74,0,35,0,0,35
26089,MI,Leelanau County,22301,917,20037,85,578,112,4,568,18601,565,17122,58,413,82,0,361,3700,352,2915,27,165,30,4,207,15421,9728,5693,167,97,10,0,87,0,70,0,0,70
26093,MI,Livingston County,193866,5503,179167,1275,519,1697,116,5589,152308,3584,142324,1000,433,1388,82,3497,41558,1919,36843,275,86,309,34,2092,78441,74264,4177,1415,1185,540,0,645,0,230,0,0,230
26095,MI,Luce County,5339,74,4555,20,366,3,0,321,4265,33,3763,11,264,1,0,193,1074,41,792,9,102,2,0,128,4065,2344,1721,75,44,0,7,37,0,31,0,0,31
26099,MI,Macomb County,881217,26214,674598,109654,1813,38716,210,30012,701202,17494,554878,79948,1489,29591,158,17644,180015,8720,119720,29706,324,9125,52,12368,369404,353201,16203,7666,5968,1881,51,3927,109,1698,0,0,1698
26101,MI,Manistee County,25032,830,22190,625,488,85,2,812,20755,523,18681,582,388,73,1,507,4277,307,3509,43,100,12,1,305,15472,10597,4875,1251,1169,1044,0,125,0,82,0,0,82
26105,MI,Mason County,29052,1290,26323,187,221,163,8,860,23270,785,21511,144,188,117,7,518,5782,505,4812,43,33,46,1,342,17392,12319,5073,373,250,23,0,227,0,123,0,0,123
26107,MI,Mecosta County,39714,1026,35996,801,202,337,15,1337,31746,735,28996,655,175,287,8,890,7968,291,7000,146,27,50,7,447,20884,16013,4871,1023,248,44,0,204,0,775,677,0,98
26111,MI,Midland County,83494,2659,75013,1031,299,1747,85,2660,65392,1663,59762,775,236,1348,55,1553,18102,996,15251,256,63,399,30,1107,36867,34288,2579,1100,755,144,14,597,0,345,0,0,345
26115,MI,Monroe County,154809,6231,137324,4211,420,1008,29,5586,122008,3991,110435,3011,328,820,22,3401,32801,2240,26889,1200,92,188,7,2185,65845,62152,3693,1498,1100,430,10,660,0,398,0,0,398
26117,MI,Montcalm County,66614,2697,59673,2165,222,246,24,1587,52311,1819,47071,2059,181,204,19,958,14303,878,12602,106,41,42,5,629,27894,24153,3741,5682,5297,5070,0,227,0,385,114,0,271
26121,MI,Muskegon County,175824,10283,132444,23837,1112,1136,40,6972,136303,6406,106764,17475,891,903,28,3836,39521,3877,25680,6362,221,233,12,3136,74591,68610,5981,5856,4944,3991,29,826,98,912,182,0,730
26123,MI,Newaygo County,49978,2969,44605,459,258,203,15,1469,38748,1841,35246,365,218,152,10,916,11230,1128,9359,94,40,51,5,553,24542,19414,5128,703,570,280,0,290,0,133,0,0,133
26127,MI,Oceana County,26659,4108,21459,147,196,78,4,667,20622,2538,17353,81,161,63,4,422,6037,1570,4106,66,35,15,0,245,15538,10320,5218,422,156,29,0,127,0,266,0,0,266
26129,MI,Ogemaw County,20770,437,19549,77,109,64,8,526,16916,286,16081,45,87,53,0,364,3854,151,3468,32,22,11,8,162,15246,9207,6039,215,213,69,8,136,0,2,0,0,2
26133,MI,Osceola County,22891,400,21469,170,149,49,7,647,17525,231,16664,93,111,34,1,391,5366,169,4805,77,38,15,6,256,12534,9152,3382,344,229,48,138,43,0,115,0,0,115
26135,MI,Oscoda County,8219,154,7793,14,34,11,0,213,6731,107,6424,9,30,6,0,155,1488,47,1369,5,4,5,0,58,7649,3732,3917,41,32,0,0,32,0,9,0,0,9
26139,MI,Ottawa County,296200,29382,244555,5324,737,8001,105,8096,226068,18839,192176,3877,598,6194,67,4317,70132,10543,52379,1447,139,1807,38,3779,114318,107239,7079,9517,1559,0,37,1516,6,7958,7487,0,471
26143,MI,Roscommon County,23459,434,22182,72,95,83,10,583,20138,290,19208,53,87,64,7,429,3321,144,2974,19,8,19,3,154,23069,11415,11654,192,115,37,1,77,0,77,0,0,77
26145,MI,Saginaw County,190124,16904,130513,33858,480,2464,90,5815,148604,11045,107148,24717,393,1959,59,3283,41520,5859,23365,9141,87,505,31,2532,85953,78442,7511,6052,2697,1472,57,1076,92,3355,2288,0,1067
26149,MI,St. Joseph County,60939,5427,51566,1405,156,440,10,1935,45987,3225,40231,1005,133,345,4,1044,14952,2202,11335,400,23,95,6,891,27081,23557,3524,397,291,40,0,251,0,106,0,0,106
26151,MI,Sanilac County,40611,1674,37615,175,113,97,3,934,31913,1074,29959,147,91,76,0,566,8698,600,7656,28,22,21,3,368,21676,16781,4895,512,368,109,0,215,44,144,0,0,144
26155,MI,Shiawassee County,68094,2024,63132,377,226,312,21,2002,53880,1303,50636,260,186,233,20,1242,14214,721,12496,117,40,79,1,760,30231,27889,2342,489,329,85,0,225,19,160,34,0,126
26157,MI,Tuscola County,53323,1808,49391,440,176,172,13,1323,41953,1132,39390,277,147,138,11,858,11370,676,10001,163,29,34,2,465,23933,21635,2298,814,552,58,198,240,56,262,0,0,262
26161,MI,Washtenaw County,372258,20731,256864,42929,750,33818,200,16966,303933,14902,215824,33255,626,28591,186,10549,68325,5829,41040,9674,124,5227,14,6417,156882,147847,9035,24007,5252,3938,10,1304,0,18755,17885,0,870
26163,MI,Wayne County,1793561,117649,872755,673023,4452,65719,383,59580,1376516,77578,703167,504700,3603,50394,301,36773,417045,40071,169588,168323,849,15325,82,22807,790191,709400,80791,20247,8692,1149,436,6826,281,11555,4224,0,7331
26165,MI,Wexford County,33673,790,31280,215,165,198,2,1023,25894,466,24412,136,123,155,1,601,7779,324,6868,79,42,43,1,422,16418,13610,2808,428,339,100,13,226,0,89,0,0,89
28001,MS,Adams County,29538,1012,11008,16740,57,170,7,544,23528,913,9340,12723,40,152,7,353,6010,99,1668,4017,17,18,0,191,14885,12686,2199,1283,1231,1011,17,203,0,52,52,0,0
28003,MS,Alcorn County,34740,1248,27912,4331,62,186,19,982,26866,683,22208,3230,41,134,10,560,7874,565,5704,1101,21,52,9,422,16159,14395,1764,685,629,360,17,252,0,56,0,0,56
28005,MS,Amite County,12720,129,7467,4849,25,33,0,217,10239,92,6156,3778,24,28,0,161,2481,37,1311,1071,1,5,0,56,7230,5597,1633,73,73,11,0,62,0,0,0,0,0
28007,MS,Attala County,17889,331,9462,7655,29,101,4,307,13493,205,7566,5438,27,69,3,185,4396,126,1896,2217,2,32,1,122,8277,7098,1179,239,231,0,0,231,0,8,0,0,8
28009,MS,Benton County,7646,145,4622,2669,6,5,0,199,6078,101,3754,2086,6,3,0,128,1568,44,868,583,0,2,0,71,4057,3179,878,62,62,8,0,54,0,0,0,0,0
28011,MS,Bolivar County,30985,794,10036,19303,23,268,0,561,23662,581,8170,14268,17,220,0,406,7323,213,1866,5035,6,48,0,155,13628,11994,1634,1522,1012,578,0,434,0,510,500,0,10
28013,MS,Calhoun County,13266,747,8724,3452,19,19,0,305,10432,453,7113,2645,19,14,0,188,2834,294,1611,807,0,5,0,117,6720,5543,1177,314,236,27,0,209,0,78,0,0,78
28015,MS,Carroll County,9998,154,6581,3039,15,31,0,178,8122,122,5427,2412,15,27,0,119,1876,32,1154,627,0,4,0,59,4914,4040,874,594,594,543,0,51,0,0,0,0,0
28017,MS,Chickasaw County,17106,642,8628,7420,13,46,0,357,13222,408,7014,5543,13,35,0,209,3884,234,1614,1877,0,11,0,148,7789,6778,1011,524,494,343,0,151,0,30,0,0,30
28019,MS,Choctaw County,8246,117,5573,2340,15,7,0,194,6447,63,4469,1776,12,5,0,122,1799,54,1104,564,3,2,0,72,4353,3454,899,170,104,11,11,82,0,66,0,0,66
28021,MS,Claiborne County,9135,72,980,7966,8,1,0,108,7223,51,888,6189,6,1,0,88,1912,21,92,1777,2,0,0,20,3906,3289,617,1076,51,0,0,51,0,1025,1005,0,20
28023,MS,Clarke County,15615,132,10022,5110,16,11,6,318,12027,70,7874,3841,7,10,6,219,3588,62,2148,1269,9,1,0,99,7575,6448,1127,152,127,0,0,127,0,25,0,0,25
28025,MS,Clay County,18636,186,7275,10800,35,61,1,278,14614,128,6105,8123,19,46,1,192,4022,58,1170,2677,16,15,0,86,8985,7771,1214,240,223,72,0,151,0,17,0,0,17
28027,MS,Coahoma County,21390,350,4341,16233,27,117,0,322,15915,249,3679,11627,20,94,0,246,5475,101,662,4606,7,23,0,76,10162,8452,1710,554,167,43,11,113,0,387,327,0,60
28029,MS,Copiah County,28368,1111,12253,14300,17,126,24,537,22065,692,10131,10744,16,98,12,372,6303,419,2122,3556,1,28,12,165,12380,10899,1481,937,142,43,0,99,0,795,764,0,31
28031,MS,Covington County,18340,418,11109,6405,20,89,4,295,14126,235,8864,4769,10,61,4,183,4214,183,2245,1636,10,28,0,112,8290,7294,996,280,280,0,0,280,0,0,0,0,0
28033,MS,DeSoto County,185314,10161,109760,56235,309,3107,147,5595,138014,6345,85903,39789,240,2387,102,3248,47300,3816,23857,16446,69,720,45,2347,72079,67404,4675,908,868,416,69,383,0,40,0,0,40
28035,MS,Forrest County,78158,3258,43551,28270,185,824,31,2039,61220,2192,35634,21192,145,747,25,1285,16938,1066,7917,7078,40,77,6,754,33490,29997,3493,5818,1129,271,11,793,54,4689,4297,0,392
28037,MS,Franklin County,7675,60,4926,2570,3,9,0,107,6069,39,3980,1962,3,9,0,76,1606,21,946,608,0,0,0,31,4284,3295,989,64,64,4,0,60,0,0,0,0,0
28041,MS,Greene County,13530,171,9887,3151,63,22,3,233,10824,111,7731,2757,58,18,2,147,2706,60,2156,394,5,4,1,86,5104,4256,848,2726,2726,2615,0,111,0,0,0,0,0
28043,MS,Grenada County,21629,310,11346,9360,30,87,2,494,16697,193,9117,6961,26,75,1,324,4932,117,2229,2399,4,12,1,170,10405,9030,1375,325,313,105,2,206,0,12,0,0,12
28047,MS,Harrison County,208621,13976,126982,51561,801,6024,263,9014,159463,9162,102961,36376,621,4901,206,5236,49158,4814,24021,15185,180,1123,57,3778,91554,81633,9921,4538,2046,762,22,1236,26,2492,0,2126,366
28049,MS,Hinds County,227742,4564,58707,157851,345,2227,49,3999,177425,3233,50129,119223,266,1810,44,2720,50317,1331,8578,38628,79,417,5,1279,106134,92774,13360,8212,2525,686,116,1689,34,5687,5135,0,552
28053,MS,Humphreys County,7785,91,1430,6081,13,11,0,159,5872,67,1236,4430,4,11,0,124,1913,24,194,1651,9,0,0,35,3528,3106,422,71,71,21,0,50,0,0,0,0,0
28055,MS,Issaquena County,1338,128,441,749,1,5,0,14,1157,119,391,638,1,2,0,6,181,9,50,111,0,3,0,8,439,368,71,493,493,493,0,0,0,0,0,0,0
28059,MS,Jackson County,143252,10050,94083,29901,577,3230,93,5318,109676,6563,74676,22134,452,2588,77,3186,33576,3487,19407,7767,125,642,16,2132,62190,55677,6513,1148,851,364,0,483,4,297,0,84,213
28061,MS,Jasper County,16367,169,7571,8332,31,10,1,253,12708,110,6164,6237,21,10,1,165,3659,59,1407,2095,10,0,0,88,8029,6725,1304,138,121,15,0,106,0,17,0,0,17
39121,OH,Noble County,14115,173,12916,755,31,26,0,214,11433,137,10348,752,27,21,0,148,2682,36,2568,3,4,5,0,66,5751,4725,1026,2580,2580,2478,0,102,0,0,0,0,0
39125,OH,Paulding County,18806,1010,17098,155,43,37,5,458,14273,645,13192,111,26,20,1,278,4533,365,3906,44,17,17,4,180,8490,7590,900,88,88,0,0,88,0,0,0,0,0
39127,OH,Perry County,35408,252,33929,111,95,77,1,943,26960,155,25964,82,80,54,0,625,8448,97,7965,29,15,23,1,318,14962,13592,1370,312,234,0,11,223,0,78,0,0,78
39131,OH,Pike County,27088,219,25650,209,111,82,6,811,20627,126,19659,157,100,63,4,518,6461,93,5991,52,11,19,2,293,11979,10656,1323,366,198,0,0,198,0,168,0,0,168
39135,OH,Preble County,40999,386,38989,212,85,173,5,1149,31745,239,30436,137,70,140,4,719,9254,147,8553,75,15,33,1,430,18093,16412,1681,329,197,21,0,176,0,132,0,0,132
39137,OH,Putnam County,34451,2229,31595,115,33,68,3,408,25676,1357,23935,78,23,49,0,234,8775,872,7660,37,10,19,3,174,13824,12976,848,395,245,0,0,245,0,150,0,0,150
39141,OH,Ross County,77093,1031,68308,4077,195,402,21,3059,60804,670,54160,3674,165,314,21,1800,16289,361,14148,403,30,88,0,1259,32066,29386,2680,5380,5232,4692,52,474,14,148,0,0,148
39143,OH,Sandusky County,58896,6055,48767,1818,77,225,8,1946,45950,3820,39523,1323,69,179,8,1028,12946,2235,9244,495,8,46,0,918,26479,24444,2035,873,717,67,11,639,0,156,0,0,156
39147,OH,Seneca County,55069,2899,48614,1359,68,376,37,1716,43031,1824,38788,1071,58,301,31,958,12038,1075,9826,288,10,75,6,758,23934,22017,1917,2431,680,202,24,454,0,1751,1584,0,167
39149,OH,Shelby County,48230,787,44436,918,83,477,30,1499,36270,501,33922,646,72,347,30,752,11960,286,10514,272,11,130,0,747,20059,18803,1256,501,350,67,3,280,0,151,0,0,151
39153,OH,Summit County,540428,13206,403323,79893,803,22848,163,20192,428512,8508,332447,58525,673,16550,122,11687,111916,4698,70876,21368,130,6298,41,8505,246473,228761,17712,8856,5101,829,28,4021,223,3755,2205,0,1550
39155,OH,Trumbull County,201977,4179,172041,17190,257,1176,30,7104,161789,2639,140972,13011,221,934,27,3985,40188,1540,31069,4179,36,242,3,3119,94394,86071,8323,3747,3265,1819,0,1446,0,482,27,0,455
39159,OH,Union County,62784,1534,53817,1335,95,4072,1,1930,46614,949,40736,1068,70,2759,1,1031,16170,585,13081,267,25,1313,0,899,23141,21807,1334,2888,2871,2612,15,244,0,17,0,0,17
39161,OH,Van Wert County,28931,1097,26680,283,38,98,13,722,22063,682,20639,205,36,83,10,408,6868,415,6041,78,2,15,3,314,12540,11589,951,367,272,41,13,218,0,95,0,0,95
39165,OH,Warren County,242337,7738,200350,8405,297,17392,162,7993,182253,4768,154208,6529,211,11961,112,4464,60084,2970,46142,1876,86,5431,50,3529,93276,89086,4190,5083,4776,3512,17,1238,9,307,0,0,307
39167,OH,Washington County,59771,717,56134,653,121,329,9,1808,47860,448,45327,535,103,252,9,1186,11911,269,10807,118,18,77,0,622,27987,25254,2733,1346,466,74,0,392,0,880,861,0,19
39169,OH,Wayne County,116894,2755,107901,1864,147,989,39,3199,88837,1724,82865,1418,125,779,31,1895,28057,1031,25036,446,22,210,8,1304,46555,43983,2572,4046,1121,115,42,964,0,2925,2607,0,318
39171,OH,Williams County,37102,1862,33795,347,57,215,1,825,28880,1177,26655,300,47,165,0,536,8222,685,7140,47,10,50,1,289,16561,15262,1299,1002,950,626,14,310,0,52,0,0,52
39173,OH,Wood County,132248,8280,113805,3213,171,2803,11,3965,104955,5484,92012,2630,141,2209,10,2469,27293,2796,21793,583,30,594,1,1496,56863,53202,3661,6601,1066,156,27,883,0,5535,5393,0,142
39175,OH,Wyandot County,21900,641,20652,88,22,90,3,404,16951,419,16143,52,17,77,3,240,4949,222,4509,36,5,13,0,164,9839,9084,755,277,256,6,0,250,0,21,0,0,21
40001,OK,Adair County,19495,1252,7514,45,8240,163,12,2269,14420,667,6300,35,5803,119,3,1493,5075,585,1214,10,2437,44,9,776,8059,7076,983,203,141,34,52,55,0,62,0,0,62
40003,OK,Alfalfa County,5699,279,4740,233,194,8,0,245,4560,201,3822,223,169,7,0,138,1139,78,918,10,25,1,0,107,2479,1895,584,1152,1152,1152,0,0,0,0,0,0,0
40005,OK,Atoka County,14143,548,9400,584,2195,55,4,1357,11081,354,7855,520,1455,55,4,838,3062,194,1545,64,740,0,0,519,5981,5040,941,1591,1584,1529,0,55,0,7,0,0,7
40007,OK,Beaver County,5049,1304,3520,4,29,11,6,175,3748,804,2775,4,26,11,6,122,1301,500,745,0,3,0,0,53,2460,1962,498,54,54,9,0,45,0,0,0,0,0
40009,OK,Beckham County,22410,2684,16656,1133,770,132,12,1023,17013,1646,13046,1047,564,105,9,596,5397,1038,3610,86,206,27,3,427,10123,8034,2089,2362,2362,2223,6,133,0,0,0,0,0
40011,OK,Blaine County,8735,985,6291,251,650,33,5,520,6548,592,4998,207,455,25,5,266,2187,393,1293,44,195,8,0,254,4590,3558,1032,100,100,5,0,66,29,0,0,0,0
40013,OK,Bryan County,46067,3428,30356,734,6580,301,14,4654,35266,2071,24873,567,4512,243,14,2986,10801,1357,5483,167,2068,58,0,1668,20366,17954,2412,915,382,77,11,294,0,533,510,0,23
40015,OK,Caddo County,26945,4335,14653,653,5326,66,13,1899,21082,3345,12073,595,3828,64,13,1164,5863,990,2580,58,1498,2,0,735,11544,9284,2260,3566,3566,3410,1,155,0,0,0,0,0
40017,OK,Canadian County,154405,16377,109258,5456,6322,4840,123,12029,112734,9731,84069,3926,4333,3787,74,6814,41671,6646,25189,1530,1989,1053,49,5215,60434,56361,4073,2284,1958,1518,3,437,0,326,184,0,142
40019,OK,Carter County,48003,3622,31883,3000,4211,664,48,4575,36685,2173,25985,2350,2909,507,35,2726,11318,1449,5898,650,1302,157,13,1849,21561,18957,2604,579,279,24,5,250,0,300,0,0,300
40021,OK,Cherokee County,47078,3437,20470,559,15757,326,22,6507,35989,2005,17732,448,11331,277,8,4188,11089,1432,2738,111,4426,49,14,2319,22033,18023,4010,1890,548,90,19,439,0,1342,996,0,346
40023,OK,Choctaw County,14204,595,8217,1391,2503,35,5,1458,10956,352,6949,1063,1707,29,1,855,3248,243,1268,328,796,6,4,603,7066,5963,1103,166,137,25,7,105,0,29,0,0,29
40025,OK,Cimarron County,2296,563,1670,4,4,2,0,53,1738,359,1331,4,4,1,0,39,558,204,339,0,0,1,0,14,1359,970,389,8,8,8,0,0,0,0,0,0,0
40027,OK,Cleveland County,295528,30312,198272,15170,12171,12935,248,26420,228702,19782,161695,11375,8963,10389,195,16303,66826,10530,36577,3795,3208,2546,53,10117,121539,112649,8890,13150,4578,2605,173,1649,151,8572,8055,0,517
40029,OK,Coal County,5266,198,3415,35,1010,20,0,588,4052,106,2869,35,663,12,0,367,1214,92,546,0,347,8,0,221,2569,2116,453,46,46,0,0,46,0,0,0,0,0
40031,OK,Comanche County,121125,16645,65514,19152,6394,3061,806,9553,92171,10807,53166,14869,4786,2633,588,5322,28954,5838,12348,4283,1608,428,218,4231,52603,44720,7883,9438,3923,3008,68,675,172,5515,161,5174,180
40035,OK,Craig County,14107,427,8615,408,2839,81,1,1736,11079,298,7192,353,2043,62,0,1131,3028,129,1423,55,796,19,1,605,6369,5424,945,993,781,486,22,74,199,212,0,0,212
40037,OK,Creek County,71754,3412,52005,1500,7009,305,68,7455,54882,2080,41914,1184,4834,235,52,4583,16872,1332,10091,316,2175,70,16,2872,31053,27662,3391,754,628,188,13,416,11,126,0,0,126
40041,OK,Delaware County,40397,1621,25354,147,8497,480,37,4261,32320,1018,21842,105,6119,351,24,2861,8077,603,3512,42,2378,129,13,1400,24086,16677,7409,543,390,44,32,314,0,153,0,0,153
40043,OK,Dewey County,4484,260,3745,8,247,4,2,218,3336,154,2916,7,151,4,0,104,1148,106,829,1,96,0,2,114,2176,1736,440,62,62,0,0,62,0,0,0,0,0
40047,OK,Garfield County,62846,8982,43455,1726,1309,701,2937,3736,46510,5402,34459,1324,956,549,1605,2215,16336,3580,8996,402,353,152,1332,1521,27846,24198,3648,1620,841,250,26,565,0,779,151,351,277
40049,OK,Garvin County,25656,2452,18349,555,2066,122,8,2104,19448,1488,14782,420,1359,92,8,1299,6208,964,3567,135,707,30,0,805,12054,10164,1890,163,141,11,0,130,0,22,0,0,22
40053,OK,Grant County,4169,184,3669,48,79,14,8,167,3191,118,2866,35,63,8,6,95,978,66,803,13,16,6,2,72,2160,1762,398,93,93,18,0,75,0,0,0,0,0
40055,OK,Greer County,5491,665,4018,357,167,9,1,274,4341,393,3302,323,152,8,0,163,1150,272,716,34,15,1,1,111,2615,1940,675,860,860,832,0,28,0,0,0,0,0
40059,OK,Harper County,3272,733,2406,4,24,0,0,105,2446,467,1885,3,19,0,0,72,826,266,521,1,5,0,0,33,1714,1344,370,31,31,6,0,25,0,0,0,0,0
40061,OK,Haskell County,11561,529,7748,70,2153,27,7,1027,8753,283,6336,52,1394,26,7,655,2808,246,1412,18,759,1,0,372,5646,4556,1090,80,62,0,0,62,0,18,0,0,18
40065,OK,Jackson County,24785,5937,15130,1658,385,326,78,1271,18698,3878,12129,1287,290,272,49,793,6087,2059,3001,371,95,54,29,478,12017,9795,2222,713,264,27,2,235,0,449,90,350,9
40067,OK,Jefferson County,5337,584,4023,31,258,32,5,404,4058,331,3204,24,194,29,4,272,1279,253,819,7,64,3,1,132,2728,2168,560,46,46,27,0,19,0,0,0,0,0
40071,OK,Kay County,43700,3652,31029,875,4129,262,274,3479,33077,2196,25046,680,2717,208,154,2076,10623,1456,5983,195,1412,54,120,1403,20968,17571,3397,1106,630,336,0,294,0,476,294,0,182
40073,OK,Kingfisher County,15184,2755,11066,178,417,49,0,719,11145,1701,8525,150,298,32,0,439,4039,1054,2541,28,119,17,0,280,6394,5624,770,270,258,118,0,140,0,12,0,0,12
40077,OK,Latimer County,9444,344,5864,46,2217,70,5,898,7306,195,4934,41,1497,53,2,584,2138,149,930,5,720,17,3,314,4669,3794,875,294,149,22,0,125,2,145,125,0,20
40079,OK,Le Flore County,48129,3573,32246,864,6898,297,32,4219,36659,2043,26352,754,4490,255,24,2741,11470,1530,5894,110,2408,42,8,1478,21032,18325,2707,1693,1392,1033,23,336,0,301,236,12,53
40083,OK,Logan County,49555,4003,36563,3273,1622,286,32,3776,36713,2415,27978,2689,1143,234,16,2238,12842,1588,8585,584,479,52,16,1538,19307,17565,1742,1950,215,37,2,176,0,1735,1192,0,543
40085,OK,Love County,10146,1685,6898,216,615,81,0,651,7826,1120,5639,186,435,61,0,385,2320,565,1259,30,180,20,0,266,4703,3976,727,75,65,17,0,48,0,10,0,0,10
40089,OK,McCurtain County,30814,1894,18288,2549,4290,128,461,3204,23042,1090,14878,1888,2993,98,248,1847,7772,804,3410,661,1297,30,213,1357,13888,12009,1879,275,224,74,15,135,0,51,0,0,51
40091,OK,McIntosh County,18941,491,12750,561,3169,74,4,1892,15220,305,10884,470,2283,55,4,1219,3721,186,1866,91,886,19,0,673,11755,7943,3812,287,201,69,0,132,0,86,0,0,86
40095,OK,Marshall County,15312,2605,9856,190,1414,53,5,1189,11782,1562,8260,154,993,42,1,770,3530,1043,1596,36,421,11,4,419,8709,6107,2602,194,169,65,17,87,0,25,0,0,25
40097,OK,Mayes County,39046,1375,23768,200,8111,197,27,5368,29692,790,19694,142,5576,156,22,3312,9354,585,4074,58,2535,41,5,2056,18263,15219,3044,403,295,79,99,109,8,108,0,0,108
40101,OK,Muskogee County,66339,4499,35191,6602,11756,530,40,7721,51051,2745,29837,5086,8160,419,33,4771,15288,1754,5354,1516,3596,111,7,2950,29278,25525,3753,3621,2975,2161,19,715,80,646,432,0,214
40103,OK,Noble County,10924,420,8509,154,953,51,1,836,8364,238,6831,133,621,43,1,497,2560,182,1678,21,332,8,0,339,5057,4353,704,367,222,22,0,200,0,145,0,0,145
30023,MT,Deer Lodge County,9421,260,8612,27,222,36,2,262,7851,157,7238,25,199,29,2,201,1570,103,1374,2,23,7,0,61,5493,4284,1209,559,318,231,7,28,52,241,0,0,241
30029,MT,Flathead County,104357,3329,94980,385,942,755,80,3886,81505,2146,75206,262,736,600,54,2501,22852,1183,19774,123,206,155,26,1385,49875,42481,7394,1207,914,99,24,791,0,293,0,0,293
30035,MT,Glacier County,13778,301,3541,23,9089,40,16,768,9448,169,2808,15,5927,40,9,480,4330,132,733,8,3162,0,7,288,5342,4557,785,537,88,32,0,56,0,449,0,0,449
30039,MT,Granite County,3309,85,3090,3,27,4,0,100,2706,56,2537,2,24,4,0,83,603,29,553,1,3,0,0,17,2601,1504,1097,94,28,0,0,28,0,66,0,0,66
30045,MT,Judith Basin County,2023,49,1909,11,1,7,2,44,1647,32,1561,10,1,6,2,35,376,17,348,1,0,1,0,9,1248,912,336,90,0,0,0,0,0,90,0,0,90
30051,MT,Liberty County,1959,13,1875,3,10,7,0,51,1492,6,1442,3,10,6,0,25,467,7,433,0,0,1,0,26,933,732,201,266,21,0,0,21,0,245,0,0,245
30057,MT,Madison County,8623,239,8072,22,34,34,6,216,7231,183,6797,22,30,27,6,166,1392,56,1275,0,4,7,0,50,6379,4006,2373,72,63,0,0,63,0,9,0,0,9
30063,MT,Missoula County,117922,6004,101653,836,3015,1481,128,4805,95035,4610,83306,600,2169,1203,100,3047,22887,1394,18347,236,846,278,28,1758,54542,50645,3897,3100,875,317,98,460,0,2225,1669,0,556
30067,MT,Park County,17191,510,15874,75,145,81,0,506,14273,344,13318,67,99,76,0,369,2918,166,2556,8,46,5,0,137,9554,7997,1557,167,119,10,0,109,0,48,0,0,48
30073,MT,Pondera County,5898,97,4684,6,891,26,11,183,4459,52,3684,4,562,22,9,126,1439,45,1000,2,329,4,2,57,2759,2254,505,193,72,6,0,66,0,121,0,0,121
13009,GA,Baldwin County,43799,1139,22653,18389,67,620,28,903,35732,835,19554,14229,55,502,20,537,8067,304,3099,4160,12,118,8,366,19988,16511,3477,5255,2968,2470,39,459,0,2287,2203,0,84
13015,GA,Bartow County,108901,10751,80942,11469,263,1235,43,4198,83570,6817,64325,8670,224,984,26,2524,25331,3934,16617,2799,39,251,17,1674,42435,40045,2390,1030,834,502,12,320,0,196,16,0,180
13019,GA,Berrien County,18160,1045,14498,1952,23,89,10,543,13690,622,11254,1403,19,69,4,319,4470,423,3244,549,4,20,6,224,7991,7118,873,162,154,64,0,90,0,8,0,0,8
13025,GA,Brantley County,18021,326,16437,574,45,47,3,589,13692,212,12605,416,43,40,0,376,4329,114,3832,158,2,7,3,213,8143,6915,1228,62,62,0,0,62,0,0,0,0,0
13031,GA,Bulloch County,81099,4180,50085,22897,162,1364,63,2348,64494,3021,41326,17335,127,1097,52,1536,16605,1159,8759,5562,35,267,11,812,32983,29747,3236,7287,2208,1883,5,320,0,5079,4944,0,135
13037,GA,Calhoun County,5573,149,1768,3569,8,19,0,60,4687,90,1568,2962,8,16,0,43,886,59,200,607,0,3,0,17,2020,1671,349,1620,1612,1538,0,74,0,8,0,0,8
13043,GA,Candler County,10981,1378,6602,2694,19,68,3,217,8241,835,5257,1968,19,44,3,115,2740,543,1345,726,0,24,0,102,4629,4116,513,298,298,13,0,285,0,0,0,0,0
13049,GA,Charlton County,12518,2036,7605,2393,44,112,2,326,10135,1971,5983,1841,38,102,0,200,2383,65,1622,552,6,10,2,126,4660,3993,667,2405,2405,2325,0,80,0,0,0,0,0
13055,GA,Chattooga County,24965,1297,20225,2415,46,111,0,871,19416,733,15988,2082,40,83,0,490,5549,564,4237,333,6,28,0,381,10854,9520,1334,1225,1191,1061,0,130,0,34,0,0,34
13061,GA,Clay County,2848,41,1147,1596,1,7,1,55,2246,19,977,1211,0,7,1,31,602,22,170,385,1,0,0,24,1961,1250,711,55,55,0,0,55,0,0,0,0,0
13065,GA,Clinch County,6749,253,4293,1963,32,25,7,176,5034,156,3391,1349,22,17,7,92,1715,97,902,614,10,8,0,84,3025,2587,438,160,76,0,0,76,0,84,0,0,84
13071,GA,Colquitt County,45898,8709,25769,10045,84,400,16,875,34193,5467,20641,7186,77,296,11,515,11705,3242,5128,2859,7,104,5,360,19105,17172,1933,848,611,320,0,282,9,237,0,0,237
13077,GA,Coweta County,146158,11053,100565,25806,308,3432,66,4928,111155,7384,78852,19019,250,2638,57,2955,35003,3669,21713,6787,58,794,9,1973,56729,53596,3133,862,654,370,10,274,0,208,0,0,208
13083,GA,Dade County,16251,364,14914,156,68,134,5,610,12987,243,12021,116,52,108,5,442,3264,121,2893,40,16,26,0,168,7387,6354,1033,824,44,44,0,0,0,780,717,0,63
13087,GA,Decatur County,29367,1911,14397,12235,65,193,16,550,22443,1196,11667,9018,53,153,10,346,6924,715,2730,3217,12,40,6,204,13036,11466,1570,809,791,603,0,188,0,18,0,0,18
13093,GA,Dooly County,11208,797,4642,5549,17,53,2,148,9187,493,4056,4474,17,43,0,104,2021,304,586,1075,0,10,2,44,4762,4047,715,1758,1758,1671,0,87,0,0,0,0,0
13099,GA,Early County,10854,186,4843,5537,31,48,0,209,8315,113,4008,3993,31,31,0,139,2539,73,835,1544,0,17,0,70,4918,4312,606,116,116,42,0,74,0,0,0,0,0
13103,GA,Effingham County,64769,3492,48730,8845,184,707,30,2781,47295,2054,36570,6339,154,550,28,1600,17474,1438,12160,2506,30,157,2,1181,24317,22892,1425,328,311,189,18,104,0,17,0,0,17
13109,GA,Evans County,10774,1237,6092,3097,16,81,11,240,8127,731,4859,2316,6,61,7,147,2647,506,1233,781,10,20,4,93,4646,4099,547,455,455,381,24,50,0,0,0,0,0
13115,GA,Floyd County,98584,11466,68346,14070,195,1340,26,3141,76295,7167,55524,10427,154,1059,12,1952,22289,4299,12822,3643,41,281,14,1189,40475,36883,3592,4424,1823,1079,107,637,0,2601,2194,0,407
13119,GA,Franklin County,23424,1121,19400,1910,35,270,3,685,18307,678,15576,1438,29,203,3,380,5117,443,3824,472,6,67,0,305,10586,8951,1635,784,193,94,13,84,2,591,530,0,61
13125,GA,Glascock County,2884,52,2576,196,0,7,2,51,2236,31,2006,156,0,7,0,36,648,21,570,40,0,0,2,15,1403,1151,252,72,72,0,0,72,0,0,0,0,0
13131,GA,Grady County,26236,3273,14828,7320,90,120,7,598,19962,1857,12051,5471,81,96,1,405,6274,1416,2777,1849,9,24,6,193,11539,10316,1223,168,135,82,0,53,0,33,0,0,33
13137,GA,Habersham County,46031,6880,34956,1756,87,1004,41,1307,35878,4115,28498,1486,68,808,22,881,10153,2765,6458,270,19,196,19,426,18340,16408,1932,2884,2032,1785,0,247,0,852,798,0,54
13141,GA,Hancock County,8735,63,2422,6032,23,38,1,156,7487,47,2229,5037,21,38,1,114,1248,16,193,995,2,0,0,42,4896,3298,1598,1267,1267,1153,0,114,0,0,0,0,0
13185,GA,Lowndes County,118251,7872,60039,44203,329,1966,113,3729,89031,5201,47681,32011,270,1561,96,2211,29220,2671,12358,12192,59,405,17,1518,48717,44207,4510,5480,1962,1617,19,306,20,3518,2541,683,294
13189,GA,McDuffie County,21632,790,11485,8673,45,81,15,543,16615,536,9410,6243,45,63,6,312,5017,254,2075,2430,0,18,9,231,9390,8589,801,141,110,6,0,104,0,31,0,0,31
13195,GA,Madison County,30120,1956,23758,2784,45,532,5,1040,23112,1198,18784,2111,43,378,2,596,7008,758,4974,673,2,154,3,444,12114,11267,847,137,99,0,0,99,0,38,0,0,38
13201,GA,Miller County,6000,136,3956,1749,11,27,1,120,4749,92,3243,1321,11,18,0,64,1251,44,713,428,0,9,1,56,2851,2537,314,159,150,21,0,129,0,9,0,0,9
13207,GA,Monroe County,27957,714,20095,6116,35,249,1,747,21913,464,15862,4896,26,201,0,464,6044,250,4233,1220,9,48,1,283,11085,10257,828,1291,1285,998,0,287,0,6,0,0,6
13213,GA,Murray County,39973,5914,32375,279,80,142,2,1181,30210,3696,25303,200,76,117,2,816,9763,2218,7072,79,4,25,0,365,16038,14718,1320,250,236,131,2,103,0,14,0,0,14
13219,GA,Oconee County,41799,2347,34206,1949,33,2089,1,1174,30221,1405,25157,1516,21,1456,1,665,11578,942,9049,433,12,633,0,509,14998,14360,638,126,126,20,0,106,0,0,0,0,0
13225,GA,Peach County,27981,2547,12222,12186,64,205,7,750,22111,1788,10144,9473,49,172,6,479,5870,759,2078,2713,15,33,1,271,11991,10693,1298,1435,71,0,0,71,0,1364,1168,0,196
13229,GA,Pierce County,19716,998,16508,1620,42,87,2,459,14899,595,12741,1197,32,64,2,268,4817,403,3767,423,10,23,0,191,8360,7506,854,122,26,26,0,0,0,96,0,0,96
13235,GA,Pulaski County,9855,327,6082,3176,9,97,3,161,8012,224,5065,2525,8,68,3,119,1843,103,1017,651,1,29,0,42,4281,3595,686,1299,1299,1209,0,90,0,0,0,0,0
13241,GA,Rabun County,16883,1452,14721,121,28,64,1,496,13767,928,12310,87,28,58,1,355,3116,524,2411,34,0,6,0,141,11970,7313,4657,146,100,60,0,40,0,46,0,0,46
13245,GA,Richmond County,206607,11449,69508,113560,532,4035,400,7123,160899,8445,59226,84362,418,3627,305,4516,45708,3004,10282,29198,114,408,95,2607,92057,82363,9694,10892,3574,2134,257,1034,149,7318,1371,5318,629
13251,GA,Screven County,14067,287,8081,5304,43,64,3,285,10893,188,6428,4017,32,49,3,176,3174,99,1653,1287,11,15,0,109,6500,5646,854,222,213,128,12,73,0,9,0,0,9
13257,GA,Stephens County,26784,857,21522,2971,74,243,9,1108,21163,578,17445,2277,58,174,8,623,5621,279,4077,694,16,69,1,485,12317,10618,1699,842,387,133,0,254,0,455,435,0,20
13263,GA,Talbot County,5733,112,2445,3061,5,18,1,91,4783,56,2145,2494,5,17,1,65,950,56,300,567,0,1,0,26,3042,2524,518,0,0,0,0,0,0,0,0,0,0
13267,GA,Tattnall County,22842,2303,13911,5977,37,132,7,475,17654,1419,11081,4733,33,102,5,281,5188,884,2830,1244,4,30,2,194,9298,7829,1469,2934,2917,2713,0,204,0,17,0,0,17
13273,GA,Terrell County,9185,177,3207,5557,11,62,1,170,7204,121,2725,4181,11,51,1,114,1981,56,482,1376,0,11,0,56,4243,3664,579,300,300,174,53,73,0,0,0,0,0
13279,GA,Toombs County,27030,3044,16120,7000,32,216,6,612,20261,1978,12886,4861,19,172,6,339,6769,1066,3234,2139,13,44,0,273,12027,10505,1522,575,340,0,32,297,11,235,0,0,235
13285,GA,Troup County,69426,2956,38509,24256,131,1634,37,1903,52581,1822,30654,17636,100,1257,30,1082,16845,1134,7855,6620,31,377,7,821,28721,26317,2404,1565,1203,612,43,539,9,362,194,0,168
13289,GA,Twiggs County,8022,124,4516,3109,16,39,0,218,6589,79,3759,2560,16,32,0,143,1433,45,757,549,0,7,0,75,4028,3387,641,104,95,0,0,95,0,9,0,0,9
13295,GA,Walker County,67654,1685,60148,2907,151,315,26,2422,52794,1066,47646,2185,132,258,23,1484,14860,619,12502,722,19,57,3,938,29137,26206,2931,1254,1170,777,11,382,0,84,30,0,54
13301,GA,Warren County,5215,53,1982,3053,18,16,1,92,4159,46,1724,2315,7,16,0,51,1056,7,258,738,11,0,1,41,2511,2159,352,78,58,0,0,58,0,20,0,0,20
13305,GA,Wayne County,30144,1732,21480,5923,61,188,6,754,23105,1116,16894,4470,52,147,3,423,7039,616,4586,1453,9,41,3,331,12460,11141,1319,1899,1859,1662,0,197,0,40,0,0,40
13311,GA,White County,28003,913,25201,497,112,172,3,1105,22482,605,20498,404,98,134,1,742,5521,308,4703,93,14,38,2,363,13535,10942,2593,720,181,51,0,130,0,539,526,0,13
13317,GA,Wilkes County,9565,399,5002,3849,22,61,0,232,7651,243,4193,3003,18,47,0,147,1914,156,809,846,4,14,0,85,5165,4098,1067,105,88,6,11,71,0,17,0,0,17
48203,TX,Harrison County,68839,9839,42604,13529,301,513,35,2018,51865,6012,33556,10387,249,387,34,1240,16974,3827,9048,3142,52,126,1,778,29223,25648,3575,2021,532,210,77,245,0,1489,1428,0,61
48209,TX,Hays County,241067,92871,123678,9347,616,4981,152,9422,185523,65543,100488,7684,505,4132,126,7045,55544,27328,23190,1663,111,849,26,2377,93534,86904,6630,7875,1475,776,209,490,0,6400,5985,0,415
48215,TX,Hidalgo County,870781,800001,55350,3912,674,8830,89,1925,608225,549880,46405,3010,505,6955,59,1411,262556,250121,8945,902,169,1875,30,514,294902,258542,36360,7923,6715,4492,227,1965,31,1208,533,0,675
48221,TX,Hood County,61598,7958,50364,543,342,491,54,1846,49209,5137,41713,369,281,382,35,1292,12389,2821,8651,174,61,109,19,554,28321,24811,3510,896,670,159,64,447,0,226,0,0,226
48227,TX,Howard County,34860,16174,15809,1541,212,397,12,715,26862,11985,12768,1151,185,304,11,458,7998,4189,3041,390,27,93,1,257,14000,11674,2326,4938,4853,4490,0,212,151,85,56,0,29
48233,TX,Hutchinson County,20617,4961,13954,432,275,117,2,876,15430,3153,11031,339,234,91,2,580,5187,1808,2923,93,41,26,0,296,10166,8171,1995,284,163,45,0,118,0,121,108,0,13
48239,TX,Jackson County,14988,4829,8652,965,37,169,6,330,11340,3282,7000,702,37,115,0,204,3648,1547,1652,263,0,54,6,126,6996,5558,1438,378,353,45,0,308,0,25,0,0,25
48245,TX,Jefferson County,256526,58915,97404,84347,642,10071,72,5075,195680,39717,81238,63118,545,7839,57,3166,60846,19198,16166,21229,97,2232,15,1909,108330,95658,12672,13754,12707,11365,53,1271,18,1047,246,26,775
48251,TX,Johnson County,179927,42613,120988,6649,855,1799,933,6090,133965,27491,94906,4958,703,1431,535,3941,45962,15122,26082,1691,152,368,398,2149,65625,61654,3971,3366,2921,2265,0,656,0,445,299,0,146
48301,TX,Loving County,64,1,58,0,1,0,0,4,40,0,37,0,1,0,0,2,24,1,21,0,0,0,0,2,34,25,9,0,0,0,0,0,0,0,0,0,0
48305,TX,Lynn County,5596,2352,2983,108,15,11,4,123,4008,1610,2224,83,14,11,3,63,1588,742,759,25,1,0,1,60,2527,2119,408,35,35,35,0,0,0,0,0,0,0
48311,TX,McMullen County,600,224,353,1,3,3,5,11,487,181,288,1,3,3,1,10,113,43,65,0,0,0,4,1,405,256,149,0,0,0,0,0,0,0,0,0,0
48317,TX,Martin County,5237,2255,2808,86,22,11,1,54,3696,1497,2084,56,13,9,0,37,1541,758,724,30,9,2,1,17,2114,1846,268,5,5,5,0,0,0,0,0,0,0
48323,TX,Maverick County,57887,54936,1667,160,836,198,5,85,40929,38788,1287,130,515,160,4,45,16958,16148,380,30,321,38,1,40,20072,18034,2038,472,454,316,0,138,0,18,0,0,18
48329,TX,Midland County,169983,73331,77711,10678,695,3972,156,3440,123134,49241,60368,7882,530,2810,110,2193,46849,24090,17343,2796,165,1162,46,1247,70309,60882,9427,1754,680,318,19,332,11,1074,88,0,986
48335,TX,Mitchell County,8990,3454,4358,928,34,55,1,160,7215,2618,3586,850,34,45,1,81,1775,836,772,78,0,10,0,79,3684,2761,923,2190,2163,2113,0,50,0,27,0,0,27
48341,TX,Moore County,21358,12647,6601,680,98,991,1,340,14944,8298,5226,509,73,588,1,249,6414,4349,1375,171,25,403,0,91,8188,7258,930,128,122,42,0,80,0,6,0,0,6
48347,TX,Nacogdoches County,64653,13597,37559,10654,197,781,11,1854,50003,8965,31168,7864,156,602,8,1240,14650,4632,6391,2790,41,179,3,614,28877,24713,4164,4290,671,222,0,449,0,3619,3619,0,0
48353,TX,Nolan County,14738,5354,8215,644,58,106,2,359,11028,3557,6656,451,45,80,2,237,3710,1797,1559,193,13,26,0,122,7123,5857,1266,288,176,82,0,94,0,112,76,0,36
48359,TX,Oldham County,1758,313,1335,33,6,10,0,61,1229,186,989,6,4,9,0,35,529,127,346,27,2,1,0,26,732,601,131,238,175,17,158,0,0,63,0,0,63
48365,TX,Panola County,22491,2190,16240,3252,96,102,7,604,17176,1344,12776,2524,69,84,5,374,5315,846,3464,728,27,18,2,230,10733,8921,1812,331,227,42,0,185,0,104,55,0,49
48371,TX,Pecos County,15193,10845,3522,514,33,147,0,132,11580,7839,3011,491,27,109,0,103,3613,3006,511,23,6,38,0,29,5795,4916,879,1814,1814,1734,0,80,0,0,0,0,0
48377,TX,Presidio County,6131,4991,970,27,16,86,0,41,4672,3688,865,16,16,61,0,26,1459,1303,105,11,0,25,0,15,3194,2435,759,43,43,43,0,0,0,0,0,0,0
48383,TX,Reagan County,3385,2283,977,35,12,23,2,53,2402,1514,791,32,6,20,2,37,983,769,186,3,6,3,0,16,1474,1189,285,0,0,0,0,0,0,0,0,0,0
48389,TX,Reeves County,14748,12510,1741,239,27,169,3,59,11619,9739,1470,204,20,137,3,46,3129,2771,271,35,7,32,0,13,5068,4178,890,3083,3020,2981,0,39,0,63,0,0,63
48395,TX,Robertson County,16757,3528,9603,3104,29,108,21,364,12722,2309,7750,2294,20,81,11,257,4035,1219,1853,810,9,27,10,107,8422,6540,1882,168,160,26,0,134,0,8,0,0,8
48401,TX,Rusk County,52214,9579,32349,8299,198,249,19,1521,40718,6360,26318,6742,162,196,14,926,11496,3219,6031,1557,36,53,5,595,21107,18173,2934,5056,4931,4622,0,309,0,125,0,0,125
48407,TX,San Jacinto County,27402,4822,19387,2108,124,96,15,850,21447,3087,15887,1709,102,80,5,577,5955,1735,3500,399,22,16,10,273,13778,10546,3232,149,149,81,0,68,0,0,0,0,0
48413,TX,Schleicher County,2451,1275,1114,17,4,11,3,27,1867,873,943,17,4,8,1,21,584,402,171,0,0,3,2,6,1285,991,294,22,22,0,0,22,0,0,0,0,0
48419,TX,Shelby County,24022,4685,14541,3825,51,369,14,537,18071,2963,11583,2863,47,251,11,353,5951,1722,2958,962,4,118,3,184,11420,9309,2111,121,107,0,0,107,0,14,0,0,14
48465,TX,Val Verde County,47586,38207,7966,566,58,360,41,388,34971,27098,6788,466,45,287,35,252,12615,11109,1178,100,13,73,6,136,18455,15796,2659,1949,1407,1223,0,164,20,542,0,499,43
48471,TX,Walker County,76400,16578,40286,16489,255,1160,41,1591,64843,13445,35008,14011,212,993,39,1135,11557,3133,5278,2478,43,167,2,456,28632,24568,4064,18904,15190,14881,77,214,18,3714,3639,0,75
48477,TX,Washington County,35805,6425,22368,5608,79,562,15,748,28261,4123,18785,4381,66,442,15,449,7544,2302,3583,1227,13,120,0,299,16838,13906,2932,2014,536,70,0,248,218,1478,1419,0,59
48483,TX,Wheeler County,4990,1227,3485,87,34,25,2,130,3773,738,2844,57,29,24,2,79,1217,489,641,30,5,1,0,51,2598,2001,597,74,74,24,0,50,0,0,0,0,0
48489,TX,Willacy County,20164,17611,1846,453,47,164,2,41,15484,13196,1608,435,47,158,2,38,4680,4415,238,18,0,6,0,3,6770,5714,1056,2595,2570,2457,0,113,0,25,0,0,25
48495,TX,Winkler County,7791,4732,2723,141,38,81,0,76,5602,3192,2168,116,21,59,0,46,2189,1540,555,25,17,22,0,30,3218,2687,531,178,98,98,0,0,0,80,0,0,80
48501,TX,Yoakum County,7694,4968,2508,59,22,51,0,86,5473,3330,1995,42,19,31,0,56,2221,1638,513,17,3,20,0,30,3009,2655,354,75,75,0,0,75,0,0,0,0,0
48507,TX,Zavala County,9670,8944,580,68,21,19,1,37,6919,6380,444,46,13,19,1,16,2751,2564,136,22,8,0,0,21,3920,3355,565,29,29,29,0,0,0,0,0,0,0
28065,MS,Jefferson Davis County,11321,101,4350,6629,9,23,0,209,8964,65,3609,5111,9,19,0,151,2357,36,741,1518,0,4,0,58,5641,4777,864,107,81,25,0,56,0,26,0,0,26
28067,MS,Jones County,67246,4139,41963,19191,370,290,26,1267,50776,2451,33393,13675,259,224,21,753,16470,1688,8570,5516,111,66,5,514,28488,25375,3113,1807,641,153,13,457,18,1166,779,0,387
28071,MS,Lafayette County,55813,2142,39059,11365,73,1702,25,1447,45658,1532,32731,8865,57,1442,23,1008,10155,610,6328,2500,16,260,2,439,28208,22362,5846,5604,445,129,0,316,0,5159,4989,0,170
28075,MS,Lauderdale County,72984,1789,36798,32112,104,601,29,1551,55594,1146,29697,23245,87,466,19,934,17390,643,7101,8867,17,135,10,617,33462,29389,4073,2848,2257,1384,0,699,174,591,306,151,134
28077,MS,Lawrence County,12016,207,7846,3693,17,34,5,214,9042,132,6018,2702,17,31,5,137,2974,75,1828,991,0,3,0,77,5717,4823,894,57,57,0,0,57,0,0,0,0,0
28081,MS,Lee County,83343,2828,53259,24220,96,946,26,1968,63696,1704,42640,17391,79,707,16,1159,19647,1124,10619,6829,17,239,10,809,37261,33499,3762,1074,935,190,34,673,38,139,0,0,139
28083,MS,Leflore County,28339,840,6009,20825,17,208,0,440,20986,557,5018,14898,17,168,0,328,7353,283,991,5927,0,40,0,112,12632,11058,1574,897,457,145,17,295,0,440,372,0,68
28087,MS,Lowndes County,58879,1323,29597,25953,113,529,18,1346,45651,925,23919,19407,92,436,17,855,13228,398,5678,6546,21,93,1,491,26882,23680,3202,1868,769,165,0,604,0,1099,582,368,149
28089,MS,Madison County,109145,4117,60782,38658,163,3211,16,2198,82961,2628,47808,28648,127,2368,15,1367,26184,1489,12974,10010,36,843,1,831,46033,41980,4053,2380,1585,262,29,1141,153,795,434,0,361
28093,MS,Marshall County,33752,1540,16436,14913,56,81,20,706,27156,977,13679,11888,55,66,18,473,6596,563,2757,3025,1,15,2,233,14990,12631,2359,2009,1381,1067,0,303,11,628,596,0,32
28095,MS,Monroe County,34180,473,22622,10329,51,72,3,630,26628,301,17942,7857,35,59,0,434,7552,172,4680,2472,16,13,3,196,16714,13981,2733,453,453,80,0,357,16,0,0,0,0
28099,MS,Neshoba County,29087,434,16492,6403,4921,129,0,708,21219,285,12922,4504,3087,97,0,324,7868,149,3570,1899,1834,32,0,384,12013,10857,1156,495,495,120,22,353,0,0,0,0,0
28103,MS,Noxubee County,10285,172,2661,7205,13,14,5,215,7805,103,2112,5410,12,7,5,156,2480,69,549,1795,1,7,0,59,4705,4088,617,153,153,59,0,94,0,0,0,0,0
28105,MS,Oktibbeha County,51788,1268,29539,18307,97,1539,11,1027,42786,1010,25557,14132,86,1250,8,743,9002,258,3982,4175,11,289,3,284,25372,21011,4361,5614,454,101,0,353,0,5160,5160,0,0
28109,MS,Pearl River County,56145,2284,44657,6743,261,293,1,1906,43337,1522,35089,5064,223,232,1,1206,12808,762,9568,1679,38,61,0,700,24641,21703,2938,1149,324,8,0,316,0,825,739,0,86
28111,MS,Perry County,11511,154,8914,2104,45,30,3,261,9011,96,7062,1649,38,24,0,142,2500,58,1852,455,7,6,3,119,5426,4653,773,118,49,0,0,49,0,69,0,0,69
28115,MS,Pontotoc County,31184,2048,24028,4237,57,62,5,747,23286,1163,18454,3171,45,52,1,400,7898,885,5574,1066,12,10,4,347,13928,12042,1886,220,189,56,49,84,0,31,0,0,31
28117,MS,Prentiss County,25008,405,20259,3570,66,91,9,608,19426,280,15926,2767,54,59,8,332,5582,125,4333,803,12,32,1,276,10972,9616,1356,1329,206,84,0,122,0,1123,1045,0,78
28121,MS,Rankin County,157031,5067,112896,32623,262,2312,97,3774,120310,3259,88523,24246,187,1788,59,2248,36721,1808,24373,8377,75,524,38,1526,63611,59626,3985,5692,5216,4084,62,838,232,476,53,0,423
28123,MS,Scott County,27990,4148,13213,9955,100,109,0,465,20301,2430,10385,7107,63,85,0,231,7689,1718,2828,2848,37,24,0,234,11313,10235,1078,188,146,0,4,142,0,42,0,0,42
28127,MS,Simpson County,25949,386,16037,8829,37,91,2,567,19729,254,12537,6467,31,67,0,373,6220,132,3500,2362,6,24,2,194,11559,10014,1545,469,302,70,113,105,14,167,0,0,167
28131,MS,Stone County,18333,444,13958,3262,80,97,10,482,14294,341,10996,2515,61,79,9,293,4039,103,2962,747,19,18,1,189,7499,6572,927,1254,468,356,6,106,0,786,724,0,62
28133,MS,Sunflower County,25971,661,6768,18110,20,91,0,321,20456,501,5849,13777,19,65,0,245,5515,160,919,4333,1,26,0,76,9412,8474,938,4031,3595,3277,0,318,0,436,436,0,0
28137,MS,Tate County,28064,805,18199,8282,53,72,1,652,21712,494,14545,6194,43,61,1,374,6352,311,3654,2088,10,11,0,278,11307,10201,1106,1322,333,51,0,0,282,989,801,0,188
28139,MS,Tippah County,21815,1118,16699,3473,21,29,0,475,16724,687,13124,2646,17,22,0,228,5091,431,3575,827,4,7,0,247,9877,8761,1116,563,193,0,0,193,0,370,331,0,39
28143,MS,Tunica County,9782,191,1888,7537,14,33,0,119,7095,137,1610,5218,13,31,0,86,2687,54,278,2319,1,2,0,33,4575,3817,758,91,91,40,0,51,0,0,0,0,0
28145,MS,Union County,27777,1301,21709,3985,28,117,0,637,21120,795,16882,2990,27,69,0,357,6657,506,4827,995,1,48,0,280,12119,10809,1310,233,214,50,24,140,0,19,0,0,19
28149,MS,Warren County,44722,876,21144,21345,68,377,1,911,34312,604,17249,15470,60,303,0,626,10410,272,3895,5875,8,74,1,285,21452,18480,2972,445,410,86,2,322,0,35,0,0,35
28151,MS,Washington County,44922,584,11300,31949,49,309,5,726,34277,393,9449,23627,43,248,5,512,10645,191,1851,8322,6,61,0,214,20879,17954,2925,848,745,367,5,350,23,103,0,33,70
28155,MS,Webster County,9926,155,7726,1787,14,15,1,228,7621,86,6041,1358,8,13,0,115,2305,69,1685,429,6,2,1,113,5066,4066,1000,142,142,0,0,142,0,0,0,0,0
28157,MS,Wilkinson County,8587,70,2549,5774,16,9,0,169,6879,59,2189,4491,16,6,0,118,1708,11,360,1283,0,3,0,51,4554,3313,1241,960,960,875,0,85,0,0,0,0,0
28161,MS,Yalobusha County,12481,163,7362,4628,24,23,2,279,9980,123,6159,3495,23,17,2,161,2501,40,1203,1133,1,6,0,118,6405,5399,1006,318,318,121,14,183,0,0,0,0,0
28163,MS,Yazoo County,26743,1076,9241,15823,50,120,6,427,21129,1000,7787,11923,44,104,0,271,5614,76,1454,3900,6,16,6,156,10432,9012,1420,4430,4410,4187,5,218,0,20,0,0,20
35003,NM,Catron County,3579,602,2786,47,47,12,0,85,3216,500,2559,28,42,8,0,79,363,102,227,19,5,4,0,6,3231,1835,1396,38,1,1,0,0,0,37,0,0,37
35005,NM,Chaves County,65157,37097,24920,1019,414,641,32,1034,47971,25077,20477,851,331,497,26,712,17186,12020,4443,168,83,144,6,322,26658,23521,3137,2121,1267,988,13,229,37,854,351,0,503
35006,NM,Cibola County,27172,8644,5697,304,11776,223,8,520,20758,6490,5006,272,8441,183,8,358,6414,2154,691,32,3335,40,0,162,11099,9080,2019,2185,2141,1964,48,129,0,44,0,0,44
35007,NM,Colfax County,12387,5878,6066,42,109,64,11,217,10108,4458,5298,39,94,58,9,152,2279,1420,768,3,15,6,2,65,9503,5519,3984,618,592,477,23,92,0,26,0,0,26
35009,NM,Curry County,48430,21796,21564,2599,254,760,36,1421,35463,14311,17394,1995,202,625,28,908,12967,7485,4170,604,52,135,8,513,21102,18563,2539,843,305,160,15,130,0,538,0,496,42
35011,NM,De Baca County,1698,654,996,3,4,4,4,33,1360,504,824,2,4,4,4,18,338,150,172,1,0,0,0,15,1125,770,355,15,15,15,0,0,0,0,0,0,0
35013,NM,Dona Ana County,219561,147672,61061,3418,1498,2569,123,3220,167142,105300,53305,2748,1197,2138,91,2363,52419,42372,7756,670,301,431,32,857,89804,82366,7438,4618,1670,1167,101,367,35,2948,2490,77,381
35015,NM,Eddy County,62314,31307,27722,895,523,622,45,1200,45921,21301,22164,716,398,460,37,845,16393,10006,5558,179,125,162,8,355,26277,22751,3526,932,530,373,0,157,0,402,0,0,402
35017,NM,Grant County,28185,13466,13423,295,270,211,23,497,22831,9990,11815,259,216,173,23,355,5354,3476,1608,36,54,38,0,142,14584,12269,2315,650,305,89,0,216,0,345,262,0,83
35019,NM,Guadalupe County,4452,3436,802,71,43,51,0,49,3586,2696,702,70,40,47,0,31,866,740,100,1,3,4,0,18,2187,1659,528,597,585,585,0,0,0,12,0,0,12
35021,NM,Harding County,657,282,359,2,0,0,0,14,561,235,312,2,0,0,0,12,96,47,47,0,0,0,0,2,600,331,269,0,0,0,0,0,0,0,0,0,0
35023,NM,Hidalgo County,4178,2390,1685,21,14,14,5,49,3239,1767,1387,17,11,9,0,48,939,623,298,4,3,5,5,1,2190,1714,476,67,67,67,0,0,0,0,0,0,0
35025,NM,Lea County,74455,45193,24257,2583,480,671,24,1247,52736,29542,19445,1968,406,518,22,835,21719,15651,4812,615,74,153,2,412,27950,25049,2901,2112,1578,1426,37,115,0,534,461,0,73
35027,NM,Lincoln County,20269,6496,12563,102,431,153,9,515,16678,4648,11134,85,308,116,9,378,3591,1848,1429,17,123,37,0,137,17624,9148,8476,90,64,64,0,0,0,26,0,0,26
35028,NM,Los Alamos County,19419,3435,13778,194,119,1238,16,639,15050,2353,11074,158,82,974,16,393,4369,1082,2704,36,37,264,0,246,8634,8147,487,82,56,7,0,49,0,26,0,0,26
35029,NM,Luna County,25427,16670,7818,241,144,165,12,377,19118,11550,6830,185,109,136,12,296,6309,5120,988,56,35,29,0,81,11508,9822,1686,800,332,288,0,44,0,468,414,0,54
35031,NM,McKinley County,72902,8611,6090,362,55410,949,35,1445,52680,5990,5151,310,39671,740,32,786,20222,2621,939,52,15739,209,3,659,25057,22659,2398,877,360,180,33,130,17,517,52,0,465
35033,NM,Mora County,4189,3301,783,12,22,15,0,56,3499,2697,719,11,22,13,0,37,690,604,64,1,0,2,0,19,2866,1895,971,7,0,0,0,0,0,7,0,0,7
35035,NM,Otero County,67839,26152,31725,2434,4193,1051,157,2127,52218,18030,26874,2014,2901,907,131,1361,15621,8122,4851,420,1292,144,26,766,32210,25932,6278,3632,1916,1681,60,175,0,1716,0,1565,151
35037,NM,Quay County,8746,3848,4509,99,58,52,2,178,6828,2717,3814,77,41,43,2,134,1918,1131,695,22,17,9,0,44,5471,3922,1549,52,42,32,0,10,0,10,10,0,0
35039,NM,Rio Arriba County,40363,27159,6147,208,6142,253,11,443,31787,21118,5528,179,4428,207,7,320,8576,6041,619,29,1714,46,4,123,19545,16122,3423,190,46,41,5,0,0,144,0,0,144
35043,NM,Sandoval County,148834,57617,64739,3031,16910,2415,170,3952,113956,40291,54576,2376,12139,1951,138,2485,34878,17326,10163,655,4771,464,32,1467,58603,54856,3747,1048,570,106,17,432,15,478,0,0,478
35045,NM,San Juan County,121661,23630,44463,673,48432,923,72,3468,89664,15477,36168,507,34679,732,52,2049,31997,8153,8295,166,13753,191,20,1419,47744,42536,5208,1325,789,385,28,376,0,536,186,0,350
35049,NM,Santa Fe County,154823,74377,69721,1494,3891,2350,78,2912,127850,56077,63276,1270,2985,2000,63,2179,26973,18300,6445,224,906,350,15,733,76877,68020,8857,2646,1614,1294,20,300,0,1032,359,0,673
35053,NM,Socorro County,16595,8353,5506,143,1949,308,8,328,13075,6175,4861,116,1390,270,8,255,3520,2178,645,27,559,38,0,73,7573,6471,1102,847,146,77,17,52,0,701,661,0,40
40107,OK,Okfuskee County,11310,342,6641,702,2561,36,0,1028,8946,249,5591,628,1855,32,0,591,2364,93,1050,74,706,4,0,437,4778,3977,801,1210,1012,842,0,170,0,198,0,0,198
40111,OK,Okmulgee County,36706,1708,21794,2775,5956,169,22,4282,28236,1045,18011,2286,4179,140,11,2564,8470,663,3783,489,1777,29,11,1718,16624,14134,2490,1320,721,351,0,370,0,599,503,0,96
40113,OK,Osage County,45818,1872,27790,4831,6410,139,20,4756,35510,1190,22922,3800,4415,110,14,3059,10308,682,4868,1031,1995,29,6,1697,19602,17554,2048,1394,1351,1197,59,95,0,43,0,0,43
40117,OK,Pawnee County,15553,467,11622,83,1927,54,0,1400,11906,281,9300,62,1349,49,0,865,3647,186,2322,21,578,5,0,535,7276,6056,1220,181,161,48,0,113,0,20,0,0,20
40119,OK,Payne County,81646,5373,59563,3220,3620,2696,55,7119,66441,3891,49822,2749,2731,2325,40,4883,15205,1482,9741,471,889,371,15,2236,36708,30958,5750,9454,2070,1702,17,351,0,7384,7205,0,179
40123,OK,Pontotoc County,38065,2208,22960,891,6843,386,14,4763,28970,1294,19075,699,4619,311,13,2959,9095,914,3885,192,2224,75,1,1804,17406,15179,2227,722,447,51,2,328,66,275,197,0,78
40125,OK,Pottawatomie County,72454,4288,49688,2237,8703,516,40,6982,55464,2723,40143,1815,6113,440,35,4195,16990,1565,9545,422,2590,76,5,2787,29973,26817,3156,3420,1910,1431,53,426,0,1510,1370,0,140
40129,OK,Roger Mills County,3442,256,2881,7,106,5,1,186,2586,135,2255,5,81,5,1,104,856,121,626,2,25,0,0,82,1852,1397,455,9,9,9,0,0,0,0,0,0,0
40131,OK,Rogers County,95240,5257,63184,1174,12127,1711,41,11746,72407,3224,51451,902,8382,1158,33,7257,22833,2033,11733,272,3745,553,8,4489,37798,35179,2619,1775,940,216,4,720,0,835,604,0,231
40135,OK,Sequoyah County,39281,1726,22664,612,8955,300,15,5009,29959,989,18756,467,6262,231,13,3241,9322,737,3908,145,2693,69,2,1768,18030,15309,2721,418,361,64,33,264,0,57,0,0,57
40137,OK,Stephens County,42848,3452,32808,834,2036,260,14,3444,32922,2076,26381,615,1437,190,14,2209,9926,1376,6427,219,599,70,0,1235,20322,17268,3054,619,551,148,0,403,0,68,0,0,68
40141,OK,Tillman County,6968,1923,4033,480,191,29,0,312,5261,1236,3324,340,149,20,0,192,1707,687,709,140,42,9,0,120,3778,2815,963,122,85,23,37,25,0,37,0,0,37
40143,OK,Tulsa County,669279,100049,377113,67165,36689,25168,1057,62038,505837,62663,310402,49014,26332,18090,636,38700,163442,37386,66711,18151,10357,7078,421,23338,292375,266836,25539,11906,5011,1177,153,3599,82,6895,4481,0,2414
40147,OK,Washington County,52455,3360,35665,1356,5206,988,11,5869,40133,2008,29250,1058,3570,702,11,3534,12322,1352,6415,298,1636,286,0,2335,23713,21071,2642,1172,617,130,19,468,0,555,353,0,202
40149,OK,Washita County,10924,980,8985,81,303,24,0,551,8072,561,6921,51,191,19,0,329,2852,419,2064,30,112,5,0,222,5121,4229,892,229,157,27,5,125,0,72,0,0,72
40153,OK,Woodward County,20470,3006,15608,370,544,133,0,809,15507,1903,12258,336,412,108,0,490,4963,1103,3350,34,132,25,0,319,9386,7728,1658,1348,1298,1036,26,126,110,50,0,0,50
41001,OR,Baker County,16668,809,14928,94,175,75,16,571,13380,492,12216,73,128,63,12,396,3288,317,2712,21,47,12,4,175,8609,7201,1408,452,373,373,0,0,0,79,0,0,79
41005,OR,Clackamas County,421401,40342,331841,4944,2283,20740,1081,20170,330868,26367,269546,3777,1862,16342,813,12161,90533,13975,62295,1167,421,4398,268,8009,170094,160503,9591,3918,2244,270,77,1852,45,1674,0,0,1674
41007,OR,Clatsop County,41072,3848,34188,289,347,580,92,1728,33262,2419,28550,246,254,513,80,1200,7810,1429,5638,43,93,67,12,528,23017,17533,5484,530,116,49,0,59,8,414,76,85,253
41009,OR,Columbia County,52589,3070,45107,368,621,592,119,2712,41729,1918,36650,276,498,522,97,1768,10860,1152,8457,92,123,70,22,944,21697,20457,1240,504,182,136,0,46,0,322,0,0,322
41011,OR,Coos County,64929,4292,54576,346,1331,765,122,3497,53383,2899,46011,286,1014,660,92,2421,11546,1393,8565,60,317,105,30,1076,31378,27662,3716,1339,562,328,13,221,0,777,171,11,595
41013,OR,Crook County,24738,1803,21455,110,267,125,29,949,19871,1146,17625,80,206,111,23,680,4867,657,3830,30,61,14,6,269,11159,9975,1184,175,82,40,0,42,0,93,0,0,93
41015,OR,Curry County,23446,1674,19836,112,463,232,29,1100,20121,1161,17456,98,355,205,27,819,3325,513,2380,14,108,27,2,281,13018,10953,2065,190,83,14,0,60,9,107,0,4,103
41017,OR,Deschutes County,198253,17237,168107,1047,1156,2533,270,7903,158167,11250,137750,733,911,2107,219,5197,40086,5987,30357,314,245,426,51,2706,94110,80217,13893,1709,880,164,71,645,0,829,125,0,704
41019,OR,Douglas County,111201,6654,95584,518,1706,1265,154,5320,89959,4375,78954,409,1343,1051,120,3707,21242,2279,16630,109,363,214,34,1613,49774,45817,3957,1653,580,166,34,321,59,1073,0,19,1054
41021,OR,Gilliam County,1995,107,1761,5,29,6,9,78,1596,75,1434,2,26,6,7,46,399,32,327,3,3,0,2,32,1095,866,229,22,22,0,0,22,0,0,0,0,0
41023,OR,Grant County,7233,283,6535,15,61,25,10,304,5910,192,5392,9,56,24,10,227,1323,91,1143,6,5,1,0,77,4112,3300,812,65,56,7,0,49,0,9,0,0,9
41025,OR,Harney County,7495,394,6538,12,219,38,0,294,5839,212,5201,10,163,37,0,216,1656,182,1337,2,56,1,0,78,3694,3174,520,139,101,35,0,66,0,38,0,0,38
41027,OR,Hood River County,23977,7148,15316,80,150,394,36,853,18372,4858,12483,57,108,326,25,515,5605,2290,2833,23,42,68,11,338,10126,8965,1161,363,120,0,19,101,0,243,0,0,243
41029,OR,Jackson County,223259,30399,174406,1973,1799,3498,821,10363,178032,19761,144755,1544,1436,2910,616,7010,45227,10638,29651,429,363,588,205,3353,96239,90467,5772,3259,910,285,27,598,0,2349,1183,0,1166
41031,OR,Jefferson County,24502,5002,15271,150,2983,143,18,935,18983,3189,12828,136,2081,125,18,606,5519,1813,2443,14,902,18,0,329,10250,8680,1570,1102,1017,997,0,20,0,85,19,0,66
41033,OR,Josephine County,88090,7037,74221,495,891,934,127,4385,71749,4826,61873,402,703,806,102,3037,16341,2211,12348,93,188,128,25,1348,38748,36024,2724,1481,815,234,24,557,0,666,0,0,666
41035,OR,Klamath County,69413,8772,53068,606,2502,803,106,3556,54901,5687,43772,465,1833,669,89,2386,14512,3085,9296,141,669,134,17,1170,32730,28634,4096,1023,190,82,22,79,7,833,525,0,308
41037,OR,Lake County,8160,802,6609,59,119,58,10,503,6604,517,5510,56,99,51,10,361,1556,285,1099,3,20,7,0,142,4195,3387,808,541,512,481,0,31,0,29,13,0,16
41039,OR,Lane County,382971,37780,304828,5022,3397,9696,977,21271,313477,25737,257251,4034,2730,8456,794,14475,69494,12043,47577,988,667,1240,183,6796,166226,156594,9632,13161,1760,294,129,1178,159,11401,5240,0,6161
41041,OR,Lincoln County,50395,4851,40389,257,1535,683,98,2582,42380,3179,35361,205,1103,623,82,1827,8015,1672,5028,52,432,60,16,755,32066,22707,9359,589,256,94,16,146,0,333,212,11,110
41043,OR,Linn County,128610,12571,106187,795,1298,1513,284,5962,100402,8016,85275,587,1026,1280,210,4008,28208,4555,20912,208,272,233,74,1954,51921,49344,2577,1430,844,196,67,581,0,586,0,0,586
41045,OR,Malheur County,31571,10320,19266,476,300,398,41,770,23848,6559,15681,408,264,366,29,541,7723,3761,3585,68,36,32,12,229,11615,10505,1110,3177,2992,2922,0,70,0,185,46,0,139
41047,OR,Marion County,345920,95740,217905,4235,3147,7476,3684,13733,262742,60955,178629,3172,2483,6136,2381,8986,83178,34785,39276,1063,664,1340,1303,4747,128541,122586,5955,10662,5934,3955,290,1203,486,4728,2269,0,2459
41051,OR,Multnomah County,815428,103753,548303,45419,5548,62041,5323,45041,666710,72400,469900,34519,4630,51847,3768,29646,148718,31353,78403,10900,918,10194,1555,15395,363996,341507,22489,22175,5042,1448,230,3098,266,17133,5515,0,11618
41055,OR,Sherman County,1870,119,1644,2,21,11,0,73,1508,92,1353,1,14,8,0,40,362,27,291,1,7,3,0,33,918,826,92,0,0,0,0,0,0,0,0,0,0
41057,OR,Tillamook County,27390,2946,22493,117,241,295,90,1208,22395,1820,19124,96,190,258,72,835,4995,1126,3369,21,51,37,18,373,18919,11727,7192,418,329,225,41,63,0,89,0,15,74
41061,OR,Union County,26196,1347,22572,182,221,232,489,1153,20379,866,17889,135,164,179,351,795,5817,481,4683,47,57,53,138,358,11649,10779,870,352,161,18,17,126,0,191,116,0,75
41063,OR,Wallowa County,7391,257,6726,25,57,38,4,284,6016,159,5554,24,54,33,2,190,1375,98,1172,1,3,5,2,94,4326,3376,950,62,30,0,0,30,0,32,0,0,32
41067,OR,Washington County,600372,107642,373634,13679,2464,68922,3295,30736,464964,71496,306796,10121,1963,53876,2403,18309,135408,36146,66838,3558,501,15046,892,12427,236678,226799,9879,7266,3669,1917,290,1438,24,3597,1044,0,2553
41069,OR,Wheeler County,1451,84,1272,1,17,8,0,69,1217,50,1106,0,9,5,0,47,234,34,166,1,8,3,0,22,935,686,249,11,0,0,0,0,0,11,11,0,0
44001,RI,Bristol County,50793,1943,45275,845,94,1298,9,1329,41591,1383,37770,675,77,923,4,759,9202,560,7505,170,17,375,5,570,21504,19926,1578,3405,681,0,12,669,0,2724,2569,0,155
44003,RI,Kent County,170363,9665,147226,3362,397,4937,44,4732,139171,6347,123297,2540,316,3806,40,2825,31192,3318,23929,822,81,1131,4,1907,76084,72063,4021,2089,1181,0,55,1126,0,908,387,0,521
44007,RI,Providence County,660741,160323,389533,60601,2118,29257,321,18588,527180,111371,332792,45527,1632,24093,254,11511,133561,48952,56741,15074,486,5164,67,7077,276770,260366,16404,29026,9084,3082,214,5639,149,19942,15525,0,4417
44009,RI,Washington County,129839,4578,116661,1669,932,2661,52,3286,108762,3221,99139,1370,699,2300,39,1994,21077,1357,17522,299,233,361,13,1292,65694,52439,13255,7414,908,0,24,883,1,6506,6054,0,452
42003,PA,Allegheny County,1250578,34325,951813,164044,1393,59125,350,39528,1020183,24137,802968,122878,1092,46546,271,22291,230395,10188,148845,41166,301,12579,79,17237,602095,551013,51082,34557,10853,2151,185,8485,32,23704,19266,22,4416
42005,PA,Armstrong County,65558,490,63015,477,58,163,15,1340,53182,296,51471,381,51,126,14,843,12376,194,11544,96,7,37,1,497,32106,28061,4045,673,486,127,0,359,0,187,0,0,187
42009,PA,Bedford County,47577,519,45699,196,67,160,0,936,38284,353,36989,146,59,122,0,615,9293,166,8710,50,8,38,0,321,23489,20041,3448,320,234,48,0,186,0,86,0,0,86
42011,PA,Berks County,428849,99550,294431,18667,477,6437,77,9210,333658,65244,242966,14387,375,5057,66,5563,95191,34306,51465,4280,102,1380,11,3647,170742,161485,9257,12380,3971,859,288,2468,356,8409,6205,0,2204
42015,PA,Bradford County,59967,873,56474,442,120,477,14,1567,46941,543,44595,293,102,357,6,1045,13026,330,11879,149,18,120,8,522,29363,24789,4574,650,413,156,0,257,0,237,32,0,205
42017,PA,Bucks County,646538,39770,528650,26165,580,35429,165,15779,515340,26025,433132,19696,471,27125,139,8752,131198,13745,95518,6469,109,8304,26,7027,255632,245587,10045,8848,5668,792,411,4429,36,3180,1401,0,1779
42021,PA,Cambria County,133472,2465,120720,5799,100,803,37,3548,108388,1592,100167,3978,97,658,21,1875,25084,873,20553,1821,3,145,16,1673,64395,56370,8025,6252,2460,1409,46,933,72,3792,2722,0,1070
42023,PA,Cameron County,4547,86,4340,17,12,30,0,62,3751,49,3621,17,12,16,0,36,796,37,719,0,0,14,0,26,3932,2120,1812,18,18,0,0,18,0,0,0,0,0
42027,PA,Centre County,158172,5651,131118,5518,127,11510,43,4205,134439,4701,111336,4971,104,10298,42,2987,23733,950,19782,547,23,1212,1,1218,65408,59357,6051,20015,5389,4592,49,748,0,14626,14269,0,357
13321,GA,Worth County,20784,381,14510,5272,51,93,10,467,16444,244,11801,3985,41,67,9,297,4340,137,2709,1287,10,26,1,170,9244,8183,1061,180,151,68,0,83,0,29,0,0,29
16035,ID,Clearwater County,8734,300,7975,51,138,50,5,215,7304,205,6718,43,113,46,5,174,1430,95,1257,8,25,4,0,41,4552,3634,918,684,680,582,0,98,0,4,0,0,4
16039,ID,Elmore County,28666,5097,20453,749,239,784,106,1238,21446,3299,15875,595,179,667,72,759,7220,1798,4578,154,60,117,34,479,12049,10663,1386,1089,260,106,0,73,81,829,0,753,76
16045,ID,Gem County,19123,1722,16410,56,129,109,21,676,14596,1043,12833,42,99,89,16,474,4527,679,3577,14,30,20,5,202,7563,7199,364,264,264,37,51,176,0,0,0,0,0
16051,ID,Jefferson County,30891,3256,26644,99,128,129,31,604,20372,1959,17837,52,88,99,24,313,10519,1297,8807,47,40,30,7,291,10134,9581,553,182,177,104,0,60,13,5,0,0,5
16055,ID,Kootenai County,171362,8756,151852,703,1727,1476,200,6648,132205,5579,119356,510,1220,1216,146,4178,39157,3177,32496,193,507,260,54,2470,74736,67278,7458,1779,1119,287,27,805,0,660,33,0,627
16061,ID,Lewis County,3533,138,3074,9,181,12,1,118,2797,84,2479,7,138,11,1,77,736,54,595,2,43,1,0,41,1810,1528,282,107,4,4,0,0,0,103,0,0,103
16067,ID,Minidoka County,21613,7909,13084,41,93,59,12,415,15383,5136,9823,26,77,49,9,263,6230,2773,3261,15,16,10,3,152,8218,7654,564,87,44,0,6,38,0,43,0,0,43
16071,ID,Oneida County,4564,178,4288,4,16,17,4,57,3273,110,3095,1,9,10,0,48,1291,68,1193,3,7,7,4,9,2009,1694,315,45,45,0,0,45,0,0,0,0,0
16077,ID,Power County,7878,2624,4891,22,172,21,8,140,5500,1546,3706,13,128,19,8,80,2378,1078,1185,9,44,2,0,60,2937,2689,248,68,59,11,0,48,0,9,0,0,9
16083,ID,Twin Falls County,90046,15210,69147,1089,509,1449,203,2439,65472,9561,52206,612,390,1058,129,1516,24574,5649,16941,477,119,391,74,923,34693,32761,1932,1703,1063,288,22,753,0,640,321,0,319
17001,IL,Adams County,65737,1287,58946,2575,99,524,34,2272,51030,796,46748,1801,81,396,20,1188,14707,491,12198,774,18,128,14,1084,30235,27313,2922,1614,962,76,19,862,5,652,486,0,166
17005,IL,Bond County,16725,604,14418,1096,53,104,12,438,13675,500,11738,1028,48,95,11,255,3050,104,2680,68,5,9,1,183,6858,6164,694,2361,1437,1363,0,74,0,924,892,0,32
17011,IL,Bureau County,33244,3095,28776,280,50,304,21,718,26212,1975,23311,206,39,251,11,419,7032,1120,5465,74,11,53,10,299,15616,14179,1437,426,345,25,2,318,0,81,42,0,39
17017,IL,Cass County,13042,2789,9142,708,36,118,33,216,9826,1742,7364,433,27,96,25,139,3216,1047,1778,275,9,22,8,77,5676,5099,577,133,94,0,0,94,0,39,0,0,39
17021,IL,Christian County,34032,1094,31540,403,60,188,1,746,27218,925,25280,330,53,148,1,481,6814,169,6260,73,7,40,0,265,15184,13721,1463,2933,2890,2596,15,279,0,43,0,0,43
17027,IL,Clinton County,36899,1387,33122,1171,82,191,6,940,28856,958,26081,1047,63,160,2,545,8043,429,7041,124,19,31,4,395,15574,14258,1316,1734,1546,1294,0,252,0,188,0,0,188
17033,IL,Crawford County,18679,447,17041,615,36,79,2,459,14891,347,13599,568,31,68,2,276,3788,100,3442,47,5,11,0,183,8471,7471,1000,1325,1243,1069,48,126,0,82,0,0,82
17039,IL,De Witt County,15516,510,14447,116,19,42,16,366,12184,302,11526,72,16,33,7,228,3332,208,2921,44,3,9,9,138,7309,6620,689,182,155,19,0,136,0,27,0,0,27
17043,IL,DuPage County,932877,144291,600084,45295,918,119621,245,22423,724333,97664,488665,33761,665,91557,181,11840,208544,46627,111419,11534,253,28064,64,10583,364970,348216,16754,13818,7023,693,60,6270,0,6795,5093,0,1702
17049,IL,Effingham County,34668,872,32592,164,37,251,6,746,26584,515,25327,104,23,193,5,417,8084,357,7265,60,14,58,1,329,15314,14117,1197,402,314,29,0,285,0,88,0,0,88
17055,IL,Franklin County,37804,642,35594,196,93,128,4,1147,29695,415,28242,136,77,104,4,717,8109,227,7352,60,16,24,0,430,18480,16251,2229,310,288,20,17,251,0,22,0,0,22
17061,IL,Greene County,11985,106,11528,24,13,23,4,287,9311,63,9010,18,13,17,4,186,2674,43,2518,6,0,6,0,101,5785,5041,744,130,130,22,0,108,0,0,0,0,0
17065,IL,Hamilton County,7993,96,7624,37,16,14,0,206,6177,52,5951,28,12,11,0,123,1816,44,1673,9,4,3,0,83,3806,3328,478,83,56,0,0,56,0,27,0,0,27
17071,IL,Henderson County,6387,112,6118,30,5,14,5,103,5185,73,5003,13,5,9,5,77,1202,39,1115,17,0,5,0,26,3357,2834,523,49,49,1,0,48,0,0,0,0,0
17077,IL,Jackson County,52974,2837,38062,7620,120,2074,25,2236,42742,2011,31791,5545,106,1874,15,1400,10232,826,6271,2075,14,200,10,836,27743,23193,4550,3079,545,246,24,275,0,2534,2286,0,248
17121,IL,Marion County,37729,712,33569,1551,103,360,2,1432,29147,426,26450,1051,81,318,1,820,8582,286,7119,500,22,42,1,612,17358,15620,1738,862,654,125,23,506,0,208,142,0,66
17127,IL,Massac County,14169,333,12232,897,39,50,6,612,10953,198,9697,668,32,36,4,318,3216,135,2535,229,7,14,2,294,6797,5871,926,247,168,0,0,168,0,79,0,0,79
17133,IL,Monroe County,34962,646,33016,141,54,199,2,904,26998,418,25701,101,41,152,2,583,7964,228,7315,40,13,47,0,321,14540,13752,788,281,236,9,0,227,0,45,0,0,45
17139,IL,Moultrie County,14526,194,13862,90,26,52,0,302,10942,128,10514,60,26,41,0,173,3584,66,3348,30,0,11,0,129,6159,5662,497,405,210,46,0,164,0,195,0,0,195
17143,IL,Peoria County,181830,10091,122129,34035,361,7833,67,7314,139675,6577,100066,23067,274,5788,50,3853,42155,3514,22063,10968,87,2045,17,3461,85074,75808,9266,4739,2340,522,96,1722,0,2399,1905,0,494
17149,IL,Pike County,14739,262,13996,77,37,49,6,312,11391,158,10883,63,30,42,6,209,3348,104,3113,14,7,7,0,103,7260,6138,1122,320,297,125,0,172,0,23,0,0,23
17155,IL,Putnam County,5637,348,5138,28,7,19,4,93,4555,214,4230,19,6,17,4,65,1082,134,908,9,1,2,0,28,3057,2426,631,11,11,11,0,0,0,0,0,0,0
17161,IL,Rock Island County,144672,19842,99069,16360,246,4092,42,5021,112700,12961,82661,11211,190,2845,27,2805,31972,6881,16408,5149,56,1247,15,2216,66729,60735,5994,4412,2265,1278,11,976,0,2147,1729,0,418
17165,IL,Saline County,23768,473,21532,718,72,133,2,838,18471,301,17012,498,60,105,1,494,5297,172,4520,220,12,28,1,344,11576,9996,1580,620,470,78,57,335,0,150,0,0,150
17171,IL,Scott County,4949,48,4779,12,1,14,1,94,3866,35,3757,1,1,13,1,58,1083,13,1022,11,0,1,0,36,2388,2102,286,45,45,0,0,45,0,0,0,0,0
17177,IL,Stephenson County,44630,2254,35812,4438,82,323,12,1709,35131,1340,29606,3079,60,262,8,776,9499,914,6206,1359,22,61,4,933,21369,19184,2185,734,638,4,16,618,0,96,0,0,96
17183,IL,Vermilion County,74188,3816,56689,10362,143,600,12,2566,57211,2393,45809,7057,118,513,12,1309,16977,1423,10880,3305,25,87,0,1257,34407,30568,3839,2673,2467,1834,0,546,87,206,0,0,206
17189,IL,Washington County,13761,224,13090,89,25,67,20,246,10831,147,10384,60,10,50,7,173,2930,77,2706,29,15,17,13,73,6390,5723,667,225,196,45,31,120,0,29,0,0,29
17193,IL,White County,13877,188,13134,99,22,67,18,349,10993,131,10469,79,22,51,15,226,2884,57,2665,20,0,16,3,123,6751,5846,905,561,536,35,0,501,0,25,0,0,25
17199,IL,Williamson County,67153,1779,58976,2887,232,797,10,2472,52532,1124,46975,2154,214,613,10,1442,14621,655,12001,733,18,184,0,1030,31818,28145,3673,2029,1822,1438,0,384,0,207,0,0,207
19001,IA,Adair County,7496,186,7108,46,16,23,1,116,5834,83,5615,35,11,16,1,73,1662,103,1493,11,5,7,0,43,3585,3217,368,153,153,0,0,153,0,0,0,0,0
19007,IA,Appanoose County,12317,231,11672,78,19,71,7,239,9608,146,9194,54,11,55,0,148,2709,85,2478,24,8,16,7,91,6306,5320,986,185,143,5,0,138,0,42,14,0,28
19011,IA,Benton County,25575,462,24316,129,30,94,2,542,19458,256,18750,86,24,60,0,282,6117,206,5566,43,6,34,2,260,11076,10282,794,322,266,12,0,254,0,56,0,0,56
19017,IA,Bremer County,24988,511,23563,247,26,199,2,440,19135,319,18191,202,11,166,2,244,5853,192,5372,45,15,33,0,196,10484,9646,838,1537,333,65,36,232,0,1204,1180,0,24
19021,IA,Buena Vista County,20823,5925,11514,579,30,1902,614,259,15327,3806,9336,381,22,1280,374,128,5496,2119,2178,198,8,622,240,131,8141,7447,694,833,301,21,57,218,5,532,505,0,27
19027,IA,Carroll County,20760,594,19518,266,19,77,0,286,15779,385,15021,157,14,59,0,143,4981,209,4497,109,5,18,0,143,9490,8764,726,497,341,1,3,337,0,156,18,0,138
19033,IA,Cerro Gordo County,43127,2243,38194,878,97,544,137,1034,34430,1451,31248,583,71,441,89,547,8697,792,6946,295,26,103,48,487,22603,19224,3379,1007,616,86,12,499,19,391,286,0,105
19039,IA,Clarke County,9748,1534,7893,53,7,84,40,137,7332,951,6163,33,7,67,22,89,2416,583,1730,20,0,17,18,48,4268,3871,397,157,138,8,6,122,2,19,0,0,19
19043,IA,Clayton County,17043,343,16197,166,35,49,6,247,13339,173,12843,90,27,39,6,161,3704,170,3354,76,8,10,0,86,8758,7315,1443,310,199,8,0,191,0,111,0,0,111
19049,IA,Dallas County,99678,6515,82648,2751,141,5029,34,2560,72050,4003,61452,1697,96,3522,31,1249,27628,2512,21196,1054,45,1507,3,1311,41125,38291,2834,684,661,27,12,622,0,23,0,0,23
19055,IA,Delaware County,17488,244,16820,129,24,42,0,229,13359,155,12972,75,16,29,0,112,4129,89,3848,54,8,13,0,117,8100,7141,959,248,202,0,0,202,0,46,0,0,46
19099,IA,Jasper County,37813,1087,34828,717,92,227,31,831,29446,675,27516,516,75,171,20,473,8367,412,7312,201,17,56,11,358,16132,14994,1138,1939,1759,1398,0,361,0,180,0,0,180
19105,IA,Jones County,20646,497,19166,458,54,65,4,402,16239,337,15195,386,48,51,0,222,4407,160,3971,72,6,14,4,180,8871,8113,758,1425,1152,993,0,159,0,273,0,0,273
19109,IA,Kossuth County,14828,603,13846,75,9,73,5,217,11653,372,11044,53,6,57,5,116,3175,231,2802,22,3,16,0,101,7216,6438,778,330,270,11,0,259,0,60,0,0,60
19115,IA,Louisa County,10837,1728,8559,76,14,267,0,193,8372,1141,6834,58,13,177,0,149,2465,587,1725,18,1,90,0,44,4712,4180,532,134,130,12,0,118,0,4,0,0,4
19121,IA,Madison County,16548,316,15690,58,16,95,14,359,12321,198,11798,40,8,68,6,203,4227,118,3892,18,8,27,8,156,6913,6436,477,141,121,23,0,98,0,20,0,0,20
19125,IA,Marion County,33414,700,31230,304,65,411,23,681,25620,441,24230,180,50,322,10,387,7794,259,7000,124,15,89,13,294,14073,13145,928,1402,413,21,0,390,2,989,908,0,81
19131,IA,Mitchell County,10565,193,10135,48,3,47,4,135,8085,116,7806,28,2,38,0,95,2480,77,2329,20,1,9,4,40,4847,4382,465,234,217,0,0,217,0,17,0,0,17
19137,IA,Montgomery County,10330,371,9678,27,23,22,2,207,8062,205,7651,27,23,21,2,133,2268,166,2027,0,0,1,0,74,5007,4456,551,212,179,14,0,165,0,33,0,0,33
35055,NM,Taos County,34489,17430,14120,206,1839,228,9,657,28445,13416,12714,171,1458,195,5,486,6044,4014,1406,35,381,33,4,171,20904,15747,5157,258,177,55,13,109,0,81,0,0,81
35059,NM,Union County,4079,1596,2268,69,57,8,4,77,3260,1236,1843,62,49,7,4,59,819,360,425,7,8,1,0,18,2077,1552,525,454,454,409,0,45,0,0,0,0,0
35061,NM,Valencia County,76205,45775,25369,882,2370,391,36,1382,58139,32752,21518,714,1807,329,31,988,18066,13023,3851,168,563,62,5,394,29929,27756,2173,2004,1102,942,33,127,0,902,0,0,902
38003,ND,Barnes County,10853,185,10059,183,92,72,2,260,8740,123,8182,153,75,64,2,141,2113,62,1877,30,17,8,0,119,5671,4772,899,515,167,1,1,165,0,348,319,0,29
38005,ND,Benson County,5964,89,2541,2,3190,7,0,135,3926,52,2063,2,1740,7,0,62,2038,37,478,0,1450,0,0,73,2542,2015,527,43,43,33,0,10,0,0,0,0,0
38009,ND,Bottineau County,6379,141,5725,35,197,43,1,237,4981,80,4562,33,143,30,1,132,1398,61,1163,2,54,13,0,105,3931,2779,1152,179,62,2,0,60,0,117,117,0,0
38011,ND,Bowman County,2993,129,2769,0,34,17,3,41,2292,67,2162,0,18,16,0,29,701,62,607,0,16,1,3,12,1633,1294,339,49,49,0,0,49,0,0,0,0,0
38015,ND,Burleigh County,98458,3084,84969,2293,4063,1066,321,2662,75621,2055,66896,1607,2665,841,215,1342,22837,1029,18073,686,1398,225,106,1320,42692,39927,2765,4186,2268,1051,33,1184,0,1918,1559,0,359
38017,ND,Cass County,184525,6182,150858,12912,2373,6092,82,6026,142934,4149,120780,8186,1707,4623,65,3424,41591,2033,30078,4726,666,1469,17,2602,85397,78672,6725,5757,1349,169,26,1154,0,4408,3856,0,552
38021,ND,Dickey County,4999,199,4619,28,26,29,0,98,3774,123,3529,27,17,26,0,52,1225,76,1090,1,9,3,0,46,2383,1985,398,371,56,0,0,56,0,315,129,0,186
38025,ND,Dunn County,4095,107,3262,25,455,34,0,212,3056,68,2523,25,291,27,0,122,1039,39,739,0,164,7,0,90,2105,1558,547,78,54,0,0,54,0,24,0,0,24
38027,ND,Eddy County,2347,77,2113,6,60,0,0,91,1824,39,1694,5,40,0,0,46,523,38,419,1,20,0,0,45,1240,1026,214,80,64,0,0,64,0,16,0,0,16
38031,ND,Foster County,3397,66,3210,12,18,14,1,76,2627,46,2508,7,12,9,1,44,770,20,702,5,6,5,0,32,1773,1458,315,73,59,0,0,59,0,14,0,0,14
38033,ND,Golden Valley County,1736,48,1617,7,12,1,1,50,1274,21,1226,1,1,1,1,23,462,27,391,6,11,0,0,27,899,721,178,59,21,0,21,0,0,38,0,0,38
38037,ND,Grant County,2301,26,2179,11,32,11,0,42,1885,20,1797,9,22,6,0,31,416,6,382,2,10,5,0,11,1649,1028,621,65,40,0,0,40,0,25,0,0,25
38039,ND,Griggs County,2306,24,2216,9,12,7,0,38,1827,20,1763,6,10,7,0,21,479,4,453,3,2,0,0,17,1378,1015,363,82,82,0,0,82,0,0,0,0,0
38043,ND,Kidder County,2394,52,2280,4,11,5,5,37,1877,36,1797,0,4,4,5,31,517,16,483,4,7,1,0,6,1631,1043,588,0,0,0,0,0,0,0,0,0,0
38045,ND,LaMoure County,4093,88,3914,8,20,8,4,51,3170,49,3061,8,13,8,4,27,923,39,853,0,7,0,0,24,2064,1720,344,250,55,0,0,55,0,195,0,0,195
38049,ND,McHenry County,5345,98,5076,11,27,12,6,115,4099,69,3921,9,16,12,0,72,1246,29,1155,2,11,0,6,43,2818,2292,526,40,40,0,0,40,0,0,0,0,0
38051,ND,McIntosh County,2530,53,2383,9,5,24,0,56,2054,29,1963,8,1,20,0,33,476,24,420,1,4,4,0,23,1704,1177,527,92,92,0,0,92,0,0,0,0,0
38055,ND,McLean County,9771,148,8420,36,766,50,7,344,7579,92,6706,28,516,39,3,195,2192,56,1714,8,250,11,4,149,5728,4129,1599,199,168,19,0,149,0,31,0,0,31
38057,ND,Mercer County,8350,218,7632,46,193,45,1,215,6358,124,5927,31,133,36,0,107,1992,94,1705,15,60,9,1,108,4657,3475,1182,113,113,11,0,102,0,0,0,0,0
38061,ND,Mountrail County,9809,768,5611,121,2737,113,3,456,7075,493,4323,98,1819,87,2,253,2734,275,1288,23,918,26,1,203,5018,3715,1303,78,42,9,0,33,0,36,0,0,36
38065,ND,Oliver County,1877,28,1775,3,23,5,3,40,1414,22,1352,0,19,3,3,15,463,6,423,3,4,2,0,25,912,760,152,2,0,0,0,0,0,2,0,0,2
38067,ND,Pembina County,6844,243,6176,32,133,29,0,231,5365,163,4894,22,111,26,0,149,1479,80,1282,10,22,3,0,82,3499,3003,496,130,104,2,0,102,0,26,0,17,9
38071,ND,Ramsey County,11605,274,9428,75,1227,73,12,516,8927,154,7608,66,746,59,12,282,2678,120,1820,9,481,14,0,234,5843,4947,896,445,246,64,0,172,10,199,174,0,25
38073,ND,Ransom County,5703,129,5389,38,18,25,0,104,4315,81,4118,26,16,15,0,59,1388,48,1271,12,2,10,0,45,2536,2246,290,404,202,0,0,190,12,202,0,0,202
38077,ND,Richland County,16529,574,14808,161,433,126,19,408,12831,319,11785,105,267,109,15,231,3698,255,3023,56,166,17,4,177,7501,6710,791,1025,150,8,0,142,0,875,740,0,135
38079,ND,Rolette County,12187,137,2324,15,9215,24,8,464,8161,79,2000,15,5770,21,8,268,4026,58,324,0,3445,3,0,196,4581,4114,467,155,114,3,0,111,0,41,0,0,41
38083,ND,Sheridan County,1265,10,1199,3,11,6,0,36,1016,1,991,1,5,5,0,13,249,9,208,2,6,1,0,23,808,585,223,9,9,0,0,9,0,0,0,0,0
38085,ND,Sioux County,3898,63,401,4,3283,3,0,144,2544,32,341,4,2083,3,0,81,1354,31,60,0,1200,0,0,63,1277,1103,174,73,56,56,0,0,0,17,0,0,17
38089,ND,Stark County,33646,2274,28573,1068,394,354,52,931,24973,1416,21774,723,268,277,41,474,8673,858,6799,345,126,77,11,457,15381,13561,1820,723,396,41,0,355,0,327,197,0,130
38091,ND,Steele County,1798,36,1729,3,7,0,0,23,1407,17,1365,3,2,0,0,20,391,19,364,0,5,0,0,3,1091,788,303,0,0,0,0,0,0,0,0,0,0
38095,ND,Towner County,2162,34,1994,5,71,10,2,46,1668,23,1565,4,45,7,2,22,494,11,429,1,26,3,0,24,1290,965,325,32,32,0,0,32,0,0,0,0,0
38097,ND,Traill County,7997,297,7376,55,60,25,7,177,6131,180,5752,40,41,18,7,93,1866,117,1624,15,19,7,0,84,3649,3230,419,389,162,0,0,162,0,227,187,0,40
38101,ND,Ward County,69919,4590,56445,2964,1578,1120,139,3083,52806,3110,43618,2228,1083,946,113,1708,17113,1480,12827,736,495,174,26,1375,32176,28847,3329,1956,605,121,5,479,0,1351,438,587,326
38105,ND,Williams County,40950,3897,31208,2091,1128,630,99,1897,29793,2505,23431,1430,805,503,73,1046,11157,1392,7777,661,323,127,26,851,20227,16095,4132,525,249,99,0,150,0,276,155,0,121
04001,AZ,Apache County,66021,3861,14001,218,46519,321,19,1082,49105,2572,11437,185,33936,277,18,680,16916,1289,2564,33,12583,44,1,402,28723,22103,6620,1207,498,379,0,80,39,709,401,0,308
04003,AZ,Cochise County,125447,42615,69788,4591,789,2677,426,4561,99330,29667,59697,3714,660,2292,326,2974,26117,12948,10091,877,129,385,100,1587,58648,50936,7712,5103,2573,2265,30,259,19,2530,153,2093,284
04005,AZ,Coconino County,145101,21719,78345,1943,35166,2651,260,5017,115992,15873,67144,1740,25310,2304,206,3415,29109,5846,11201,203,9856,347,54,1602,69108,51320,17788,12010,525,369,34,122,0,11485,9747,0,1738
04007,AZ,Gila County,53272,9283,33317,294,8662,454,47,1215,43006,6535,29116,225,5823,380,32,895,10266,2748,4201,69,2839,74,15,320,32373,22312,10061,845,675,408,0,267,0,170,0,0,170
04009,AZ,Graham County,38533,11428,20593,488,5150,180,17,677,27715,7880,15487,435,3321,158,16,418,10818,3548,5106,53,1829,22,1,259,13704,12150,1554,2673,2556,2474,8,73,1,117,26,0,91
04011,AZ,Greenlee County,9563,4376,4513,88,275,72,1,238,6843,2939,3463,61,176,61,0,143,2720,1437,1050,27,99,11,1,95,4389,3634,755,32,18,18,0,0,0,14,0,0,14
04012,AZ,La Paz County,16557,4197,9207,113,2358,120,41,521,13505,2818,8524,98,1573,103,21,368,3052,1379,683,15,785,17,20,153,13457,7370,6087,176,133,133,0,0,0,43,0,0,43
04013,AZ,Maricopa County,4420568,1351415,2397464,252508,68789,200805,9771,139816,3382386,902740,1992837,186114,50318,158692,7192,84493,1038182,448675,404627,66394,18471,42113,2579,55323,1812827,1643579,169248,70030,33580,16949,1679,13798,1154,36450,17507,694,18249
04015,AZ,Mohave County,213267,34126,162823,2262,4079,2699,372,6906,177461,24252,140781,1860,2958,2333,305,4972,35806,9874,22042,402,1121,366,67,1934,117650,91270,26380,4340,3801,3065,29,688,19,539,71,0,468
04017,AZ,Navajo County,106717,10887,45342,732,46588,573,70,2525,79208,7334,36572,623,32646,462,51,1520,27509,3553,8770,109,13942,111,19,1005,56180,36836,19344,2040,1751,1355,44,352,0,289,0,0,289
04019,AZ,Pima County,1043433,372788,546620,37822,23776,30456,1980,29991,834265,265048,475751,29191,17285,25661,1452,19877,209168,107740,70869,8631,6491,4795,528,10114,470132,427021,43111,27500,14257,8945,274,4890,148,13243,9062,716,3465
04021,AZ,Pinal County,425264,121533,244207,21308,17204,6508,1097,13407,325640,80802,202548,15870,12043,5356,782,8239,99624,40731,41659,5438,5161,1152,315,5168,172878,146663,26215,22770,22248,21631,66,503,48,522,35,0,487
04023,AZ,Santa Cruz County,47669,39632,7290,151,84,290,14,208,35215,27978,6625,121,68,241,14,168,12454,11654,665,30,16,49,0,40,18729,16670,2059,160,68,65,3,0,0,92,0,0,92
04025,AZ,Yavapai County,236209,34390,186503,1700,3331,2942,276,7067,199136,23500,163842,1418,2473,2582,220,5101,37073,10890,22661,282,858,360,56,1966,121154,104425,16729,4035,1204,453,125,597,29,2831,1684,0,1147
04027,AZ,Yuma County,203881,130003,62575,3650,1908,2394,225,3126,153169,89679,54651,3074,1443,1984,181,2157,50712,40324,7924,576,465,410,44,969,92048,69589,22459,7348,6017,5645,39,309,24,1331,259,781,291
20001,KS,Allen County,12526,502,11118,188,135,71,2,510,9789,321,8864,166,97,60,2,279,2737,181,2254,22,38,11,0,231,6054,5273,781,385,138,28,0,91,19,247,247,0,0
20003,KS,Anderson County,7836,155,7316,32,46,50,0,237,5831,104,5487,29,39,29,0,143,2005,51,1829,3,7,21,0,94,3556,3108,448,92,75,15,0,24,36,17,0,0,17
20005,KS,Atchison County,16348,583,14102,797,80,89,10,687,12749,432,11228,606,65,77,9,332,3599,151,2874,191,15,12,1,355,6814,6109,705,1683,223,39,0,184,0,1460,1395,0,65
20007,KS,Barber County,4228,162,3851,15,34,17,5,144,3292,85,3067,7,24,14,0,95,936,77,784,8,10,3,5,49,2574,1916,658,55,50,0,8,21,21,5,0,0,5
20009,KS,Barton County,25493,4127,20153,309,91,87,3,723,19337,2509,15992,231,79,74,3,449,6156,1618,4161,78,12,13,0,274,12370,10640,1730,537,335,70,15,249,1,202,67,0,135
20011,KS,Bourbon County,14360,386,12630,468,91,102,2,681,10704,201,9594,369,68,82,1,389,3656,185,3036,99,23,20,1,292,6770,5666,1104,394,156,35,0,121,0,238,212,0,26
42029,PA,Chester County,534413,43542,411828,29204,562,35456,138,13683,412886,28457,328791,22871,390,25116,103,7158,121527,15085,83037,6333,172,10340,35,6525,208240,197119,11121,13647,4249,554,212,3072,411,9398,7275,0,2123
42033,PA,Clearfield County,80562,2637,74109,1797,82,468,1,1468,65948,2329,60509,1697,56,389,1,967,14614,308,13600,100,26,79,0,501,38078,32435,5643,5781,5471,4805,20,579,67,310,22,0,288
42035,PA,Clinton County,37450,662,35220,443,53,219,9,844,29598,409,28098,337,47,186,6,515,7852,253,7122,106,6,33,3,329,18603,15199,3404,1359,514,157,39,318,0,845,821,0,24
42039,PA,Crawford County,83938,1241,78434,1588,116,392,33,2134,66608,795,62905,1234,94,315,22,1243,17330,446,15529,354,22,77,11,891,42063,33930,8133,3838,2199,1315,117,767,0,1639,1544,0,95
42041,PA,Cumberland County,259469,11975,214416,10948,332,13979,124,7695,206533,8018,175340,8016,267,10569,91,4232,52936,3957,39076,2932,65,3410,33,3463,109125,103405,5720,12487,5006,3125,51,1830,0,7481,7096,20,365
42045,PA,Delaware County,576830,26772,368448,128276,717,36728,159,15730,449790,17672,301684,93499,552,27937,128,8318,127040,9100,66764,34777,165,8791,31,7412,229208,215498,13710,20846,6036,2390,314,3332,0,14810,12909,0,1901
42047,PA,Elk County,30990,294,29837,90,19,118,12,620,25229,183,24486,66,14,98,12,370,5761,111,5351,24,5,20,0,250,16836,13590,3246,313,267,41,0,226,0,46,0,0,46
42051,PA,Fayette County,128804,1578,117022,5861,172,410,167,3594,104708,1056,96421,4590,135,333,99,2074,24096,522,20601,1271,37,77,68,1520,61800,54089,7711,3987,2975,2168,18,789,0,1012,78,0,934
42053,PA,Forest County,6973,323,5318,1236,8,17,0,71,6323,298,4732,1222,2,14,0,55,650,25,586,14,6,3,0,16,6949,2034,4915,2809,2809,2653,74,82,0,0,0,0,0
42057,PA,Fulton County,14556,146,13829,133,25,43,3,377,11514,81,11039,97,23,28,3,243,3042,65,2790,36,2,15,0,134,7100,6087,1013,156,73,0,0,73,0,83,67,0,16
42059,PA,Greene County,35954,510,33308,1079,71,132,6,848,29272,415,27080,1043,51,102,5,576,6682,95,6228,36,20,30,1,272,16138,14058,2080,3033,2077,1820,0,257,0,956,872,0,84
42063,PA,Indiana County,83246,1476,76583,2457,118,832,8,1772,67726,1121,62484,2175,90,685,5,1166,15520,355,14099,282,28,147,3,606,37626,33286,4340,5697,1772,1047,142,562,21,3925,3746,0,179
42065,PA,Jefferson County,44492,397,42901,150,50,110,9,875,35246,271,34134,111,42,82,6,600,9246,126,8767,39,8,28,3,275,22005,18726,3279,653,526,131,0,395,0,127,59,0,68
42069,PA,Lackawanna County,215896,18267,177520,7777,286,6876,42,5128,173597,11538,148150,5482,221,5385,40,2781,42299,6729,29370,2295,65,1491,2,2347,99815,88745,11070,8237,3366,1019,28,2157,162,4871,3629,0,1242
42071,PA,Lancaster County,552984,61171,444594,20176,546,14194,130,12173,425314,40363,352039,14844,448,10756,88,6776,127670,20808,92555,5332,98,3438,42,5397,216502,206467,10035,14269,7534,696,92,6687,59,6735,5453,0,1282
42075,PA,Lebanon County,143257,20348,115041,2697,130,2259,46,2736,111234,13125,92710,1963,114,1732,37,1553,32023,7223,22331,734,16,527,9,1183,59084,55808,3276,3093,1562,52,0,1510,0,1531,1198,0,333
42077,PA,Lehigh County,374557,96981,231316,23704,371,13954,111,8120,291935,65250,193504,17551,279,10675,78,4598,82622,31731,37812,6153,92,3279,33,3522,149830,142970,6860,7688,3564,687,120,2671,86,4124,3194,0,930
42081,PA,Lycoming County,114188,2374,100833,5807,195,973,29,3977,90800,1556,81879,4323,161,763,23,2095,23388,818,18954,1484,34,210,6,1882,52625,46603,6022,5167,2617,1562,62,983,10,2550,2310,0,240
42083,PA,McKean County,40432,642,37565,873,109,205,2,1036,32321,449,30137,831,83,173,0,648,8111,193,7428,42,26,32,2,388,19416,16470,2946,2541,1464,890,28,546,0,1077,870,0,207
42085,PA,Mercer County,110652,1609,98388,6439,123,723,16,3354,89028,985,80688,4832,110,561,15,1837,21624,624,17700,1607,13,162,1,1517,50828,45478,5350,5971,3055,1559,271,1212,13,2916,2526,0,390
42089,PA,Monroe County,168327,28558,106715,23740,309,4196,71,4738,134271,19796,89740,18121,250,3442,53,2869,34056,8762,16975,5619,59,754,18,1869,79114,62284,16830,3582,919,333,16,570,0,2663,2309,0,354
42091,PA,Montgomery County,856553,54512,627326,81048,824,68319,198,24326,674024,35655,509973,62231,635,52857,150,12523,182529,18857,117353,18817,189,15462,48,11803,346877,328958,17919,22308,12384,4393,241,7248,502,9924,6036,0,3888
42093,PA,Montour County,18136,487,16201,332,27,670,1,418,14393,318,13080,214,22,518,1,240,3743,169,3121,118,5,152,0,178,8083,7513,570,686,580,27,97,254,202,106,0,0,106
42095,PA,Northampton County,312951,44597,231801,18108,280,10131,87,7947,251676,29851,195319,13566,220,8158,68,4494,61275,14746,36482,4542,60,1973,19,3453,127584,121015,6569,11591,3874,556,79,3239,0,7717,7098,0,619
42097,PA,Northumberland County,91647,4151,82436,2456,113,470,25,1996,73275,2583,67078,1972,90,354,22,1176,18372,1568,15358,484,23,116,3,820,43300,37932,5368,3552,3244,2471,47,726,0,308,0,0,308
42099,PA,Perry County,45842,912,43281,323,57,158,5,1106,35917,554,34228,252,47,141,4,691,9925,358,9053,71,10,17,1,415,19842,18083,1759,529,470,106,19,345,0,59,0,0,59
42101,PA,Philadelphia County,1603797,238277,566163,619256,2807,133911,687,42696,1278362,167538,494303,475255,2252,109837,594,28583,325435,70739,71860,144001,555,24074,93,14113,726797,658075,68722,46709,12288,5616,304,6140,228,34421,25416,0,9005
42103,PA,Pike County,58535,6719,46187,3134,125,875,18,1477,47447,4593,38625,2457,103,708,14,947,11088,2126,7562,677,22,167,4,530,39676,23635,16041,493,403,250,7,146,0,90,35,0,55
42105,PA,Potter County,16396,247,15665,57,26,75,0,326,13140,156,12621,46,26,57,0,234,3256,91,3044,11,0,18,0,92,12345,7052,5293,222,202,39,0,163,0,20,0,0,20
42107,PA,Schuylkill County,143049,8064,127245,4228,159,779,15,2559,115932,5112,104794,3737,132,658,14,1485,27117,2952,22451,491,27,121,1,1074,67128,57950,9178,6995,6470,4899,16,1549,6,525,312,0,213
42109,PA,Snyder County,39736,977,37237,518,33,303,18,650,31144,652,29421,412,32,246,11,370,8592,325,7816,106,1,57,7,280,15978,14753,1225,2490,422,89,0,141,192,2068,2043,0,25
42111,PA,Somerset County,74129,1037,69684,1909,51,208,8,1232,60695,748,57122,1824,47,170,7,777,13434,289,12562,85,4,38,1,455,37713,30208,7505,4739,4562,3834,33,681,14,177,0,0,177
42113,PA,Sullivan County,5840,105,5475,85,9,20,2,144,4857,72,4584,72,9,17,0,103,983,33,891,13,0,3,2,41,5574,2552,3022,287,141,0,0,141,0,146,70,0,76
42115,PA,Susquehanna County,38434,847,36349,162,61,148,1,866,30923,531,29568,116,47,121,0,540,7511,316,6781,46,14,27,1,326,21259,16297,4962,314,250,48,0,202,0,64,0,0,64
42117,PA,Tioga County,41045,640,38701,350,74,200,8,1072,32720,426,31080,283,64,174,7,686,8325,214,7621,67,10,26,1,386,21503,16964,4539,1268,283,39,0,244,0,985,804,0,181
42119,PA,Union County,42681,2000,36370,2487,87,826,9,902,34680,1555,29502,2277,77,708,8,553,8001,445,6868,210,10,118,1,349,16082,14523,1559,7338,3895,3535,18,342,0,3443,3163,0,280
42121,PA,Venango County,50454,577,47787,465,71,186,11,1357,40320,328,38642,319,61,152,6,812,10134,249,9145,146,10,34,5,545,26156,21506,4650,888,543,51,63,429,0,345,6,0,339
42123,PA,Warren County,38587,415,36891,167,72,164,5,873,31105,257,29978,119,64,133,3,551,7482,158,6913,48,8,31,2,322,21587,16618,4969,831,605,120,10,358,117,226,0,0,226
42125,PA,Washington County,209349,4021,189591,7119,237,2088,67,6226,169191,2702,155528,5642,202,1677,54,3386,40158,1319,34063,1477,35,411,13,2840,96791,87688,9103,4892,1701,303,0,1398,0,3191,2643,0,548
42127,PA,Wayne County,51155,2347,45443,1692,77,445,1,1150,42587,1707,38138,1568,68,379,1,726,8568,640,7305,124,9,66,0,424,31910,20794,11116,3223,3029,2750,22,257,0,194,16,0,178
42131,PA,Wyoming County,26069,581,24507,228,34,124,3,592,21073,360,19993,198,24,100,3,395,4996,221,4514,30,10,24,0,197,12819,10698,2121,596,153,56,0,97,0,443,384,0,59
42133,PA,York County,456438,39360,369216,26413,675,6789,128,13857,356368,25021,298446,19215,545,5265,93,7783,100070,14339,70770,7198,130,1524,35,6074,187187,177553,9634,8071,4813,1686,40,3070,17,3258,2097,0,1161
45001,SC,Abbeville County,24295,423,16878,6222,45,79,7,641,19369,284,13610,4959,43,61,2,410,4926,139,3268,1263,2,18,5,231,11540,9818,1722,821,129,45,0,84,0,692,562,0,130
45005,SC,Allendale County,8039,194,1997,5649,47,18,1,133,6687,162,1811,4570,36,17,0,91,1352,32,186,1079,11,1,1,42,4040,3281,759,1006,957,911,0,46,0,49,0,0,49
45007,SC,Anderson County,203718,9574,153748,30493,433,2493,50,6927,157974,6103,122814,22779,369,1944,38,3927,45744,3471,30934,7714,64,549,12,3000,89123,80372,8751,3213,1292,91,82,1006,113,1921,1522,0,399
45011,SC,Barnwell County,20589,520,10433,8810,63,167,14,582,15964,339,8479,6611,58,127,13,337,4625,181,1954,2199,5,40,1,245,9854,8460,1394,492,440,281,0,159,0,52,0,0,52
45013,SC,Beaufort County,187117,23411,128084,27836,372,2464,123,4827,151768,15565,110060,20905,289,1986,80,2883,35349,7846,18024,6931,83,478,43,1944,98068,76373,21695,8266,528,0,0,515,13,7738,798,6359,581
45017,SC,Calhoun County,14119,487,7811,5372,62,35,6,346,11423,292,6469,4356,46,27,6,227,2696,195,1342,1016,16,8,0,119,7024,5986,1038,163,115,0,0,115,0,48,0,0,48
45019,SC,Charleston County,408235,29280,266917,92392,887,7663,328,10768,327897,19979,222131,71407,749,6301,255,7075,80338,9301,44786,20985,138,1362,73,3693,201884,173572,28312,9089,2936,942,72,1922,0,6153,4567,588,998
45023,SC,Chester County,32294,795,18761,11332,148,160,15,1083,25144,509,15253,8569,112,115,7,579,7150,286,3508,2763,36,45,8,504,14601,12928,1673,209,100,49,0,51,0,109,0,0,109
45025,SC,Chesterfield County,43273,2086,26038,13207,185,282,5,1470,33697,1379,21085,10065,152,221,4,791,9576,707,4953,3142,33,61,1,679,20408,17538,2870,783,387,76,7,304,0,396,0,0,396
45029,SC,Colleton County,38604,1380,22025,13449,303,197,17,1233,30438,843,18173,10335,239,163,16,669,8166,537,3852,3114,64,34,1,564,19824,15808,4016,422,339,0,0,339,0,83,0,0,83
45031,SC,Darlington County,62905,1396,34056,25442,137,304,8,1562,49141,846,27865,19157,110,217,7,939,13764,550,6191,6285,27,87,1,623,29379,25649,3730,1027,372,185,0,187,0,655,505,0,150
45033,SC,Dillon County,28292,856,13100,12762,604,72,1,897,21491,535,10530,9431,475,55,1,464,6801,321,2570,3331,129,17,0,433,12779,11195,1584,355,336,95,0,241,0,19,0,0,19
45037,SC,Edgefield County,25657,1371,15016,8340,70,132,7,721,20775,1038,12274,6860,58,97,6,442,4882,333,2742,1480,12,35,1,279,11022,9634,1388,2262,2043,2043,0,0,0,219,0,0,219
45039,SC,Fairfield County,20948,423,8604,11223,65,108,7,518,17307,316,7514,8980,53,89,7,348,3641,107,1090,2243,12,19,0,170,10838,9157,1681,326,246,55,0,191,0,80,0,0,80
45043,SC,Georgetown County,63404,2225,41482,18106,113,274,28,1176,52140,1441,35684,13859,96,241,19,800,11264,784,5798,4247,17,33,9,376,35916,27231,8685,643,467,108,23,336,0,176,54,0,122
19141,IA,O'Brien County,14182,985,12680,165,39,84,11,218,10884,570,10019,100,25,61,6,103,3298,415,2661,65,14,23,5,115,6524,5861,663,573,405,45,0,360,0,168,0,0,168
19147,IA,Palo Alto County,8996,274,8461,58,15,39,6,143,6971,166,6651,38,11,25,0,80,2025,108,1810,20,4,14,6,63,4516,3831,685,343,164,10,0,154,0,179,98,0,81
19153,IA,Polk County,492401,48055,367158,35613,1107,24606,292,15570,371655,29626,291910,23366,872,17696,209,7976,120746,18429,75248,12247,235,6910,83,7594,210184,196891,13293,8891,4700,1813,212,2569,106,4191,2840,0,1351
19157,IA,Poweshiek County,18662,529,17110,330,53,224,21,395,15037,370,13910,281,39,205,14,218,3625,159,3200,49,14,19,7,177,8906,7536,1370,1598,260,13,0,247,0,1338,1315,0,23
19163,IA,Scott County,174669,12092,136143,13895,330,4903,60,7246,133731,7562,109063,9418,270,3632,50,3736,40938,4530,27080,4477,60,1271,10,3510,77771,71628,6143,3232,1375,340,29,1000,6,1857,1479,0,378
19169,IA,Story County,98537,5032,80901,3088,230,5495,31,3760,82031,3945,67969,2370,178,4718,30,2821,16506,1087,12932,718,52,777,1,939,41361,38273,3088,11879,524,41,30,451,2,11355,11250,0,105
19173,IA,Taylor County,5896,399,5361,11,13,17,1,94,4516,246,4167,7,13,16,0,67,1380,153,1194,4,0,1,1,27,2885,2506,379,79,65,9,0,56,0,14,0,0,14
19179,IA,Wapello County,35437,4332,27578,1473,67,632,519,836,26940,2579,22117,947,55,479,270,493,8497,1753,5461,526,12,153,249,343,15734,14167,1567,939,575,128,205,235,7,364,296,0,68
19185,IA,Wayne County,6497,61,6282,13,17,25,1,98,4792,28,4670,5,9,19,1,60,1705,33,1612,8,8,6,0,38,3025,2585,440,90,85,11,0,74,0,5,0,0,5
19189,IA,Winnebago County,10679,594,9573,222,13,99,3,175,8473,372,7738,172,10,86,3,92,2206,222,1835,50,3,13,0,83,5077,4512,565,542,181,15,18,148,0,361,349,0,12
19195,IA,Worth County,7443,211,7007,67,7,28,1,122,5760,117,5510,37,7,22,1,66,1683,94,1497,30,0,6,0,56,3480,3127,353,69,69,1,0,68,0,0,0,0,0
24003,MD,Anne Arundel County,588261,56796,374621,104060,1225,25618,444,25497,456018,36709,303792,79152,979,20675,348,14363,132243,20087,70829,24908,246,4943,96,11134,233130,219971,13159,9659,7242,4938,58,2119,127,2417,364,835,1218
24009,MD,Calvert County,92783,4202,69835,12093,212,1601,78,4762,70925,2594,54637,9606,173,1270,50,2595,21858,1608,15198,2487,39,331,28,2167,35663,32754,2909,589,402,130,0,261,11,187,0,0,187
24015,MD,Cecil County,103725,5450,84581,7657,237,1277,25,4498,80465,3376,67474,5788,196,1052,22,2557,23260,2074,17107,1869,41,225,3,1941,43941,39398,4543,1372,893,263,23,584,23,479,0,0,479
24021,MD,Frederick County,271717,32119,186658,27594,424,13660,167,11095,207660,20823,150218,20062,344,10196,123,5894,64057,11296,36440,7532,80,3464,44,5201,103493,98358,5135,5194,1552,285,43,1201,23,3642,2482,190,970
24027,MD,Howard County,332317,27362,158842,65142,501,66483,127,13860,251136,17957,129664,47162,368,48766,98,7121,81181,9405,29178,17980,133,17717,29,6739,123202,118781,4421,3077,2151,1123,8,926,94,926,0,0,926
24031,MD,Montgomery County,1062061,217409,445401,196997,1532,163923,510,36289,819119,152620,365535,148482,1126,131399,389,19568,242942,64789,79866,48515,406,32524,121,16721,404423,386931,17492,8918,5558,631,99,4350,478,3360,64,683,2613
24037,MD,St. Mary's County,113777,6545,81437,16210,324,3366,89,5806,86370,4217,63699,12303,269,2711,74,3097,27407,2328,17738,3907,55,655,15,2709,45560,41845,3715,2397,877,175,0,685,17,1520,1102,258,160
26031,MI,Cheboygan County,25579,341,23168,105,691,92,1,1181,21112,233,19412,86,522,86,1,772,4467,108,3756,19,169,6,0,409,17631,11290,6341,295,120,41,0,75,4,175,0,47,128
26037,MI,Clinton County,79128,3940,68848,1701,238,1897,24,2480,61200,2430,54166,1345,192,1595,18,1454,17928,1510,14682,356,46,302,6,1026,32821,31087,1734,692,494,57,0,437,0,198,0,0,198
26043,MI,Dickinson County,25947,440,24461,76,120,155,4,691,20796,269,19842,51,93,124,0,417,5151,171,4619,25,27,31,4,274,13917,11569,2348,373,196,40,0,156,0,177,0,0,177
26047,MI,Emmet County,34112,592,30718,183,1075,185,23,1336,27855,402,25434,153,840,150,21,855,6257,190,5284,30,235,35,2,481,21771,14862,6909,435,229,36,0,185,8,206,119,0,87
26053,MI,Gogebic County,14380,222,13139,75,512,45,3,384,12007,145,11183,63,326,34,3,253,2373,77,1956,12,186,11,0,131,10393,6874,3519,299,205,19,0,186,0,94,60,0,34
26059,MI,Hillsdale County,45746,1172,42651,230,145,191,7,1350,35596,694,33552,171,126,143,7,903,10150,478,9099,59,19,48,0,447,21396,18062,3334,1340,239,46,0,193,0,1101,948,0,153
26065,MI,Ingham County,284900,24422,194555,35045,976,16639,120,13143,228152,16724,163166,26464,818,13371,104,7505,56748,7698,31389,8581,158,3268,16,5638,125251,115591,9660,17515,1252,239,143,846,24,16263,15327,0,936
26069,MI,Iosco County,25237,610,23486,186,126,159,3,667,20906,392,19682,147,107,133,3,442,4331,218,3804,39,19,26,0,225,19856,11662,8194,303,180,7,0,157,16,123,0,0,123
26075,MI,Jackson County,160366,6184,132802,12594,526,1531,33,6696,126350,3810,107564,9769,420,1184,31,3572,34016,2374,25238,2825,106,347,2,3124,69025,62567,6458,9238,7161,6371,19,771,0,2077,1654,0,423
26081,MI,Kent County,657974,75228,472124,63304,1855,22123,189,23151,502355,47646,379326,44558,1456,16722,141,12506,155619,27582,92798,18746,399,5401,48,10645,265002,251658,13344,12065,3826,819,153,2623,231,8239,5155,0,3084
26087,MI,Lapeer County,88619,4244,80060,1030,284,423,15,2563,70165,2717,64297,889,232,330,15,1685,18454,1527,15763,141,52,93,0,878,36725,34256,2469,1598,1380,997,6,377,0,218,0,0,218
26091,MI,Lenawee County,99423,8494,84149,2528,345,510,10,3387,78518,5490,68097,2188,282,413,6,2042,20905,3004,16052,340,63,97,4,1345,43577,38581,4996,4874,2952,2280,27,645,0,1922,1573,0,349
26097,MI,Mackinac County,10834,167,8111,64,1682,32,1,777,9064,115,7037,50,1269,30,0,563,1770,52,1074,14,413,2,1,214,10519,5040,5479,116,68,12,0,56,0,48,0,0,48
26103,MI,Marquette County,66017,1344,59770,841,1013,419,18,2612,53919,997,49370,752,774,365,8,1653,12098,347,10400,89,239,54,10,959,33454,27681,5773,4133,1522,952,33,537,0,2611,2198,0,413
26109,MI,Menominee County,23502,486,21509,112,727,98,5,565,19154,297,17863,84,464,82,5,359,4348,189,3646,28,263,16,0,206,13212,10725,2487,357,252,49,0,203,0,105,0,0,105
26113,MI,Missaukee County,15052,499,14081,39,48,52,1,332,11632,274,11067,23,32,41,0,195,3420,225,3014,16,16,11,1,137,8615,5923,2692,169,71,0,5,66,0,98,0,0,98
26119,MI,Montmorency County,9153,125,8660,33,68,28,0,239,7765,93,7406,22,59,15,0,170,1388,32,1254,11,9,13,0,69,8930,4325,4605,49,33,6,0,27,0,16,0,0,16
26125,MI,Oakland County,1274395,60838,893953,170773,2315,106421,342,39753,1013401,40588,730998,135278,1830,81002,270,23435,260994,20250,162955,35495,485,25419,72,16318,554403,524047,30356,14096,6391,1012,160,4879,340,7705,4114,0,3591
26131,MI,Ontonagon County,5816,68,5502,10,60,21,2,153,5147,46,4901,7,54,21,0,118,669,22,601,3,6,0,2,35,5244,2966,2278,67,32,0,0,32,0,35,0,0,35
26137,MI,Otsego County,25091,446,23457,115,152,98,1,822,19904,249,18860,92,120,82,0,501,5187,197,4597,23,32,16,1,321,14861,10407,4454,309,136,34,9,93,0,173,0,0,173
26141,MI,Presque Isle County,12982,154,12380,34,67,59,0,288,10985,88,10573,21,57,46,0,200,1997,66,1807,13,10,13,0,88,9804,6047,3757,161,77,20,0,57,0,84,0,0,84
26147,MI,St. Clair County,160383,5505,144286,3914,566,862,16,5234,127475,3508,116988,2886,462,721,13,2897,32908,1997,27298,1028,104,141,3,2337,72092,65724,6368,1473,963,296,8,659,0,510,45,43,422
26153,MI,Schoolcraft County,8047,96,6783,11,701,16,1,439,6651,54,5827,11,465,10,1,283,1396,42,956,0,236,6,0,156,5955,3657,2298,156,87,20,0,67,0,69,0,0,69
26159,MI,Van Buren County,75587,8966,60339,2430,557,421,29,2845,58205,5349,48529,1874,421,316,18,1698,17382,3617,11810,556,136,105,11,1147,36948,29510,7438,462,265,0,0,265,0,197,0,0,197
28039,MS,George County,24350,672,21088,1790,85,81,1,633,18253,405,15948,1348,74,53,1,424,6097,267,5140,442,11,28,0,209,10280,8916,1364,474,409,342,0,67,0,65,0,0,65
28045,MS,Hancock County,46053,1918,37790,3984,246,442,10,1663,36202,1391,30365,2863,186,357,10,1030,9851,527,7425,1121,60,85,0,633,22340,19034,3306,227,198,0,0,198,0,29,0,0,29
28051,MS,Holmes County,17000,112,2381,14206,36,22,0,243,12981,81,2145,10545,23,13,0,174,4019,31,236,3661,13,9,0,69,7485,6526,959,886,459,336,0,123,0,427,427,0,0
28057,MS,Itawamba County,23863,384,21250,1641,51,54,0,483,18529,252,16641,1265,38,46,0,287,5334,132,4609,376,13,8,0,196,10456,9057,1399,1429,281,21,10,250,0,1148,1125,0,23
28063,MS,Jefferson County,7260,74,901,6140,10,15,5,115,5578,45,797,4634,9,14,5,74,1682,29,104,1506,1,1,0,41,3346,2865,481,347,347,292,0,55,0,0,0,0,0
28069,MS,Kemper County,8988,67,2828,5492,460,7,1,133,7169,53,2456,4267,298,7,1,87,1819,14,372,1225,162,0,0,46,3909,3385,524,850,397,349,0,48,0,453,426,0,27
28073,MS,Lamar County,64222,2362,44333,14384,119,1113,51,1860,47683,1452,34192,9987,84,825,28,1115,16539,910,10141,4397,35,288,23,745,27434,25001,2433,382,353,92,47,202,12,29,0,0,29
28079,MS,Leake County,21275,1230,10130,8213,1299,83,5,315,15843,689,8152,5965,792,67,5,173,5432,541,1978,2248,507,16,0,142,8979,8080,899,378,378,291,0,87,0,0,0,0,0
28085,MS,Lincoln County,34907,406,23134,10515,67,171,8,606,26514,252,17918,7757,54,130,5,398,8393,154,5216,2758,13,41,3,208,15744,13939,1805,460,284,53,20,211,0,176,0,0,176
28091,MS,Marion County,24441,406,15814,7607,43,74,0,497,18669,245,12366,5678,42,56,0,282,5772,161,3448,1929,1,18,0,215,11080,9520,1560,590,568,387,0,181,0,22,0,0,22
28097,MS,Montgomery County,9822,106,5123,4368,9,25,0,191,7741,68,4239,3295,9,20,0,110,2081,38,884,1073,0,5,0,81,5193,4283,910,111,84,0,0,84,0,27,0,0,27
28101,MS,Newton County,21291,329,12839,6456,1169,88,3,407,16144,225,10153,4789,685,58,0,234,5147,104,2686,1667,484,30,3,173,9073,8024,1049,900,269,39,0,230,0,631,593,0,38
28107,MS,Panola County,33208,678,15740,16068,52,66,4,600,25135,411,12778,11484,35,51,2,374,8073,267,2962,4584,17,15,2,226,14586,12772,1814,375,280,65,0,215,0,95,0,0,95
28113,MS,Pike County,40324,627,16960,21516,114,266,8,833,30676,424,13822,15593,88,194,0,555,9648,203,3138,5923,26,72,8,278,19017,16232,2785,975,459,88,0,371,0,516,504,0,12
28119,MS,Quitman County,6176,21,1491,4553,1,12,3,95,4885,4,1306,3492,0,12,3,68,1291,17,185,1061,1,0,0,27,3030,2577,453,118,118,66,0,52,0,0,0,0,0
28125,MS,Sharkey County,3800,61,981,2677,0,14,3,64,2919,46,845,1968,0,10,3,47,881,15,136,709,0,4,0,17,1679,1509,170,92,50,0,0,46,4,42,0,0,42
28129,MS,Smith County,14209,198,10629,3119,20,23,0,220,11025,131,8437,2276,20,18,0,143,3184,67,2192,843,0,5,0,77,6622,5692,930,133,126,28,0,98,0,7,0,0,7
20015,KS,Butler County,67380,3578,57528,1467,495,1020,38,3254,50070,2206,43647,1209,356,696,29,1927,17310,1372,13881,258,139,324,9,1327,26901,24660,2241,2584,2148,1649,0,355,144,436,333,0,103
20019,KS,Chautauqua County,3379,138,2832,23,185,19,0,182,2641,100,2268,19,118,18,0,118,738,38,564,4,67,1,0,64,1976,1401,575,77,44,0,0,44,0,33,0,0,33
20021,KS,Cherokee County,19362,514,16482,97,771,69,26,1403,14861,296,12977,65,544,49,14,916,4501,218,3505,32,227,20,12,487,9113,7853,1260,176,157,0,0,146,11,19,19,0,0
20025,KS,Clark County,1991,203,1694,3,20,25,1,45,1517,117,1345,2,14,14,1,24,474,86,349,1,6,11,0,21,1042,836,206,28,28,0,0,28,0,0,0,0,0
20027,KS,Clay County,8117,218,7552,56,34,50,0,207,6260,126,5908,41,27,42,0,116,1857,92,1644,15,7,8,0,91,3933,3388,545,182,177,67,0,110,0,5,0,0,5
20031,KS,Coffey County,8360,221,7764,50,36,52,1,236,6424,127,6045,33,27,36,0,156,1936,94,1719,17,9,16,1,80,3959,3477,482,108,82,2,0,80,0,26,0,0,26
20033,KS,Comanche County,1689,98,1523,12,2,0,1,53,1293,54,1199,3,2,0,1,34,396,44,324,9,0,0,0,19,938,747,191,46,46,0,0,46,0,0,0,0,0
20037,KS,Crawford County,38972,2716,32342,938,321,475,192,1988,30158,1620,25809,706,243,403,118,1259,8814,1096,6533,232,78,72,74,729,17997,15668,2329,1496,467,29,20,418,0,1029,957,0,72
20041,KS,Dickinson County,18402,905,16634,122,75,81,20,565,14099,534,12994,96,66,69,10,330,4303,371,3640,26,9,12,10,235,8778,7644,1134,263,263,19,0,244,0,0,0,0,0
20043,KS,Doniphan County,7510,204,6671,273,66,35,19,242,5856,135,5217,249,60,30,12,153,1654,69,1454,24,6,5,7,89,3364,2942,422,394,76,18,0,58,0,318,315,0,3
20047,KS,Edwards County,2907,623,2176,14,15,1,1,77,2262,401,1791,14,15,1,0,40,645,222,385,0,0,0,1,37,1550,1257,293,47,43,0,0,43,0,4,0,0,4
20049,KS,Elk County,2483,101,2235,1,43,3,1,99,1923,44,1785,1,29,3,0,61,560,57,450,0,14,0,1,38,1491,1094,397,1,1,1,0,0,0,0,0,0,0
20053,KS,Ellsworth County,6376,365,5520,256,39,24,0,172,5177,291,4473,250,38,20,0,105,1199,74,1047,6,1,4,0,67,3080,2352,728,1154,1132,882,0,250,0,22,0,0,22
20055,KS,Finney County,38470,19883,14797,1401,167,1533,4,685,27176,12748,11781,1024,127,1101,4,391,11294,7135,3016,377,40,432,0,294,14185,13064,1121,590,208,78,7,123,0,382,313,0,69
20059,KS,Franklin County,25996,1147,23071,335,191,111,7,1134,19927,763,17956,270,156,89,4,689,6069,384,5115,65,35,22,3,445,11149,10233,916,541,177,44,4,129,0,364,321,0,43
20061,KS,Geary County,36739,5776,20264,6155,211,1207,453,2673,25963,3639,14968,4471,161,1011,307,1406,10776,2137,5296,1684,50,196,146,1267,15928,13488,2440,912,239,81,15,91,52,673,0,640,33
20065,KS,Graham County,2415,62,2219,58,8,16,0,52,1908,35,1770,50,8,9,0,36,507,27,449,8,0,7,0,16,1422,1103,319,31,31,0,0,31,0,0,0,0,0
20069,KS,Gray County,5653,839,4680,21,5,15,0,93,4050,506,3470,9,5,10,0,50,1603,333,1210,12,0,5,0,43,2327,2092,235,86,86,0,0,86,0,0,0,0,0
20071,KS,Greeley County,1284,199,1048,2,4,6,0,25,956,124,802,2,0,6,0,22,328,75,246,0,4,0,0,3,638,531,107,21,21,0,0,21,0,0,0,0,0
20075,KS,Hamilton County,2518,1084,1366,13,12,8,0,35,1792,689,1050,9,9,8,0,27,726,395,316,4,3,0,0,8,1106,933,173,0,0,0,0,0,0,0,0,0,0
20077,KS,Harper County,5485,425,4758,17,74,15,2,194,4167,253,3720,15,58,15,2,104,1318,172,1038,2,16,0,0,90,3027,2347,680,110,62,12,0,37,13,48,0,0,48
20081,KS,Haskell County,3780,1119,2585,11,8,2,0,55,2640,688,1894,8,6,1,0,43,1140,431,691,3,2,1,0,12,1545,1345,200,49,49,7,0,42,0,0,0,0,0
20083,KS,Hodgeman County,1723,96,1563,14,7,10,1,32,1295,44,1212,7,4,10,0,18,428,52,351,7,3,0,1,14,842,724,118,18,18,0,0,0,18,0,0,0,0
20087,KS,Jefferson County,18368,567,16741,110,124,44,27,755,14077,333,13029,86,100,32,23,474,4291,234,3712,24,24,12,4,281,7911,7209,702,182,182,34,0,148,0,0,0,0,0
20091,KS,Johnson County,609863,54389,467379,28910,1627,33232,368,23958,461998,34865,366140,21139,1237,25151,263,13203,147865,19524,101239,7771,390,8081,105,10755,251681,239492,12189,5681,4055,882,94,2944,135,1626,471,0,1155
20093,KS,Kearny County,3983,1396,2406,34,10,10,1,126,2833,868,1870,21,4,2,0,68,1150,528,536,13,6,8,1,58,1581,1427,154,61,61,5,0,56,0,0,0,0,0
20097,KS,Kiowa County,2460,87,2197,44,11,17,4,100,1898,56,1722,40,1,11,3,65,562,31,475,4,10,6,1,35,1153,965,188,180,68,0,0,54,14,112,94,0,18
20099,KS,Labette County,20184,939,16262,855,427,99,9,1593,15103,582,12597,639,307,76,9,893,5081,357,3665,216,120,23,0,700,9524,8222,1302,402,273,31,18,224,0,129,0,0,129
20103,KS,Leavenworth County,81881,5602,63368,6758,592,1090,140,4331,62172,3561,49330,5522,498,863,97,2301,19709,2041,14038,1236,94,227,43,2030,31219,28916,2303,6101,5317,5015,0,302,0,784,262,350,172
20105,KS,Lincoln County,2939,130,2720,9,14,9,0,57,2261,74,2115,8,13,8,0,43,678,56,605,1,1,1,0,14,1672,1291,381,45,45,7,0,38,0,0,0,0,0
20109,KS,Logan County,2762,195,2487,6,0,11,2,61,2067,116,1906,2,0,6,0,37,695,79,581,4,0,5,2,24,1369,1181,188,21,21,0,0,21,0,0,0,0,0
20113,KS,McPherson County,30223,1592,26826,516,95,228,9,957,23584,1030,21249,438,82,190,9,586,6639,562,5577,78,13,38,0,371,13019,11897,1122,1923,685,0,0,673,12,1238,1136,0,102
20115,KS,Marion County,11823,442,10850,135,36,46,7,307,9237,275,8601,111,28,37,3,182,2586,167,2249,24,8,9,4,125,5671,4786,885,604,217,0,0,217,0,387,376,0,11
20119,KS,Meade County,4055,797,3084,38,12,14,0,110,2985,465,2395,22,9,14,0,80,1070,332,689,16,3,0,0,30,1900,1584,316,81,81,36,0,45,0,0,0,0,0
20121,KS,Miami County,34191,1196,30860,457,153,172,9,1344,25740,683,23622,356,111,141,4,823,8451,513,7238,101,42,31,5,521,13865,12926,939,470,384,0,9,238,137,86,0,0,86
20125,KS,Montgomery County,31486,2414,23861,1558,947,199,24,2483,24064,1441,19040,1200,690,159,24,1510,7422,973,4821,358,257,40,0,973,15569,12968,2601,781,309,45,0,250,14,472,460,0,12
20127,KS,Morris County,5386,227,4960,19,11,19,1,149,4230,146,3948,8,3,19,1,105,1156,81,1012,11,8,0,0,44,2996,2294,702,80,80,7,0,50,23,0,0,0,0
20131,KS,Nemaha County,10273,266,9663,66,26,36,7,209,7593,145,7239,46,26,33,7,97,2680,121,2424,20,0,3,0,112,4490,4040,450,256,228,9,0,219,0,28,0,0,28
20133,KS,Neosho County,15904,910,13891,138,127,87,6,745,11978,538,10683,110,100,64,6,477,3926,372,3208,28,27,23,0,268,7211,6300,911,428,192,33,0,129,30,236,236,0,0
20137,KS,Norton County,5459,311,4715,203,33,36,2,159,4400,227,3829,195,31,34,2,82,1059,84,886,8,2,2,0,77,2461,1991,470,951,951,862,0,89,0,0,0,0,0
20141,KS,Osborne County,3500,66,3311,2,19,18,0,84,2753,48,2630,1,18,17,0,39,747,18,681,1,1,1,0,45,2044,1563,481,103,94,8,0,86,0,9,0,0,9
20143,KS,Ottawa County,5735,144,5323,36,22,12,0,198,4411,92,4142,26,22,6,0,123,1324,52,1181,10,0,6,0,75,2681,2318,363,115,115,57,0,58,0,0,0,0,0
20145,KS,Pawnee County,6253,522,5229,253,25,31,0,193,4974,350,4229,239,19,25,0,112,1279,172,1000,14,6,6,0,81,3055,2455,600,723,723,624,0,66,33,0,0,0,0
20147,KS,Phillips County,4981,142,4655,22,22,17,1,122,3870,71,3689,13,9,17,1,70,1111,71,966,9,13,0,0,52,2794,2200,594,61,61,3,0,58,0,0,0,0,0
20149,KS,Pottawatomie County,25348,1429,22324,290,110,202,27,966,17895,738,16189,209,88,134,23,514,7453,691,6135,81,22,68,4,452,9866,9050,816,334,228,24,0,204,0,106,80,0,26
20151,KS,Pratt County,9157,741,7960,115,40,49,10,242,6982,457,6187,104,36,38,7,153,2175,284,1773,11,4,11,3,89,4388,3677,711,508,170,8,0,151,11,338,309,0,29
20153,KS,Rawlins County,2561,159,2287,25,3,12,0,75,1983,84,1835,15,3,10,0,36,578,75,452,10,0,2,0,39,1364,1129,235,37,37,0,0,37,0,0,0,0,0
20155,KS,Reno County,61898,6096,50856,1796,399,352,42,2357,48143,3946,40633,1501,325,278,32,1428,13755,2150,10223,295,74,74,10,929,28289,25189,3100,2815,2222,1668,9,518,27,593,371,0,222
20157,KS,Republic County,4674,91,4432,18,13,11,9,100,3679,49,3527,18,9,7,7,62,995,42,905,0,4,4,2,38,2676,2132,544,58,56,0,0,56,0,2,0,0,2
20159,KS,Rice County,9427,1290,7593,133,41,32,0,338,7242,807,6035,126,37,32,0,205,2185,483,1558,7,4,0,0,133,4377,3744,633,479,129,19,0,95,15,350,350,0,0
20161,KS,Riley County,71959,7470,52502,4888,310,3374,226,3189,59685,5634,44714,4010,267,2926,165,1969,12274,1836,7788,878,43,448,61,1220,30477,26711,3766,11198,432,65,0,357,10,10766,6013,4384,369
20163,KS,Rooks County,4919,116,4595,30,2,6,9,161,3833,74,3638,30,2,4,5,80,1086,42,957,0,0,2,4,81,2638,2109,529,196,196,136,0,60,0,0,0,0,0
20165,KS,Rush County,2956,132,2749,6,4,14,0,51,2371,87,2230,4,4,11,0,35,585,45,519,2,0,3,0,16,1663,1322,341,75,75,0,0,66,9,0,0,0,0
20167,KS,Russell County,6691,236,6119,63,29,29,0,215,5178,131,4830,47,27,29,0,114,1513,105,1289,16,2,0,0,101,3675,2956,719,106,90,26,0,64,0,16,0,0,16
20169,KS,Saline County,54303,6642,41963,1796,244,1127,29,2502,41737,4010,33845,1406,194,886,26,1370,12566,2632,8118,390,50,241,3,1132,24076,22250,1826,1554,873,276,34,525,38,681,527,0,154
20171,KS,Scott County,5151,1027,3925,14,20,15,2,148,3802,630,3034,11,15,10,2,100,1349,397,891,3,5,5,0,48,2260,2013,247,73,73,14,0,59,0,0,0,0,0
20173,KS,Sedgwick County,523824,82630,340775,45831,4496,22468,539,27085,392877,51217,271507,33089,3505,17671,386,15502,130947,31413,69268,12742,991,4797,153,11583,223640,205247,18393,11084,5160,1631,151,2825,553,5924,2183,380,3361
20175,KS,Seward County,21964,14406,5989,623,66,522,1,357,15257,9103,4973,486,58,417,0,220,6707,5303,1016,137,8,105,1,137,8268,7359,909,324,137,54,0,83,0,187,170,0,17
20177,KS,Shawnee County,178909,23861,127343,13737,1592,2571,166,9639,137135,14863,103264,10318,1272,2037,118,5263,41774,8998,24079,3419,320,534,48,4376,80512,73453,7059,4604,2900,1327,217,1291,65,1704,818,0,886
20179,KS,Sheridan County,2447,145,2232,0,7,12,2,49,1839,75,1721,0,7,8,2,26,608,70,511,0,0,4,0,23,1152,1020,132,38,38,0,0,38,0,0,0,0,0
45049,SC,Hampton County,18561,666,7844,9552,44,104,17,334,14708,545,6364,7469,35,81,11,203,3853,121,1480,2083,9,23,6,131,8584,7183,1401,1317,1292,1202,0,90,0,25,0,0,25
45051,SC,Horry County,351029,24304,269008,39958,1190,4758,311,11500,290082,15909,231647,30491,989,3858,221,6967,60947,8395,37361,9467,201,900,90,4533,203702,150221,53481,7155,1570,458,0,1018,94,5585,4769,0,816
45055,SC,Kershaw County,65403,3466,43846,15196,149,453,30,2263,50464,2096,34923,11665,113,336,24,1307,14939,1370,8923,3531,36,117,6,956,28874,25957,2917,374,252,0,40,212,0,122,0,0,122
45057,SC,Lancaster County,96016,6294,65573,19242,233,1809,18,2847,74608,3993,53085,14472,180,1358,17,1503,21408,2301,12488,4770,53,451,1,1344,41030,37903,3127,1911,1856,1407,22,427,0,55,0,0,55
45059,SC,Laurens County,67539,4147,44750,16039,151,321,25,2106,52791,2575,36342,12242,141,254,22,1215,14748,1572,8408,3797,10,67,3,891,31276,26691,4585,1893,755,213,66,462,14,1138,846,0,292
45063,SC,Lexington County,293991,21797,210878,42799,914,6780,198,10625,225405,13801,168431,31052,723,5061,139,6198,68586,7996,42447,11747,191,1719,59,4427,127887,116720,11167,2563,1724,151,49,1460,64,839,0,0,839
45065,SC,McCormick County,9526,123,5202,3925,31,39,2,204,8442,103,4815,3302,29,31,2,160,1084,20,387,623,2,8,0,44,5380,4080,1300,996,990,899,0,91,0,6,0,0,6
45069,SC,Marlboro County,26667,575,10635,13345,1130,103,8,871,21584,501,8919,10677,877,88,8,514,5083,74,1716,2668,253,15,0,357,12029,10241,1788,2746,2719,2619,0,100,0,27,0,0,27
45071,SC,Newberry County,37719,3305,22805,10391,108,143,4,963,29709,2085,18952,7923,79,111,0,559,8010,1220,3853,2468,29,32,4,404,18213,15039,3174,1475,357,68,20,269,0,1118,1063,0,55
45075,SC,Orangeburg County,84223,1967,28074,50891,471,915,38,1867,66567,1240,23463,39529,376,739,33,1187,17656,727,4611,11362,95,176,5,680,41197,33825,7372,3630,711,246,17,448,0,2919,2735,0,184
45077,SC,Pickens County,131404,6572,108244,8575,310,2773,43,4887,107066,4451,89757,6951,268,2390,32,3217,24338,2121,18487,1624,42,383,11,1670,56385,50364,6021,9035,976,263,29,684,0,8059,7847,0,212
45081,SC,Saluda County,18862,3012,11343,4047,51,43,0,366,14736,1783,9445,3214,48,25,0,221,4126,1229,1898,833,3,18,0,145,9267,7549,1718,316,176,0,0,176,0,140,0,0,140
45083,SC,Spartanburg County,327997,27732,216347,64041,712,8326,197,10642,252012,17803,172596,48290,591,6432,128,6172,75985,9929,43751,15751,121,1894,69,4470,137009,125836,11173,8319,3782,1971,115,1696,0,4537,3308,0,1229
45087,SC,Union County,27244,438,17382,8470,57,84,3,810,21422,264,14133,6505,48,57,0,415,5822,174,3249,1965,9,27,3,395,13451,11622,1829,410,337,98,69,170,0,73,0,0,73
45089,SC,Williamsburg County,31026,619,10047,19613,86,157,1,503,24930,485,8395,15487,74,117,1,371,6096,134,1652,4126,12,40,0,132,14737,12547,2190,1598,1519,1320,26,173,0,79,0,0,79
45091,SC,York County,282090,18938,190407,51790,1908,8892,118,10037,213111,12203,149276,38396,1323,6307,95,5511,68979,6735,41131,13394,585,2585,23,4526,114656,107812,6844,3924,1038,252,171,613,2,2886,2311,0,575
46005,SD,Beadle County,19149,2741,13459,149,245,2071,57,427,13934,1547,10678,93,150,1248,29,189,5215,1194,2781,56,95,823,28,238,8396,7369,1027,514,276,24,36,216,0,238,0,0,238
46007,SD,Bennett County,3381,87,1003,7,2060,7,0,217,2267,39,868,7,1221,5,0,127,1114,48,135,0,839,2,0,90,1177,1085,92,52,42,0,0,42,0,10,0,0,10
46011,SD,Brookings County,34375,1427,30135,645,373,925,13,857,27141,923,24216,472,251,769,13,497,7234,504,5919,173,122,156,0,360,14849,13120,1729,3200,271,32,0,239,0,2929,2884,0,45
46013,SD,Brown County,38301,1659,32939,562,1104,929,45,1063,29240,1076,25797,395,733,654,37,548,9061,583,7142,167,371,275,8,515,17885,16130,1755,1176,378,24,12,342,0,798,605,0,193
46017,SD,Buffalo County,1948,13,291,0,1582,1,0,61,1196,10,212,0,940,0,0,34,752,3,79,0,642,1,0,27,570,497,73,0,0,0,0,0,0,0,0,0,0
46019,SD,Butte County,10243,410,9259,20,182,33,5,334,7767,228,7166,17,128,24,5,199,2476,182,2093,3,54,9,0,135,4673,4196,477,97,83,0,0,83,0,14,0,0,14
46021,SD,Campbell County,1377,37,1276,0,31,6,0,27,1102,25,1039,0,21,6,0,11,275,12,237,0,10,0,0,16,900,640,260,0,0,0,0,0,0,0,0,0,0
46023,SD,Charles Mix County,9373,228,5740,23,3018,32,14,318,6681,148,4450,13,1889,30,13,138,2692,80,1290,10,1129,2,1,180,3625,3050,575,742,171,57,0,114,0,571,0,0,571
46025,SD,Clark County,3837,169,3588,13,22,2,2,41,2779,102,2642,6,12,2,0,15,1058,67,946,7,10,0,2,26,1603,1361,242,202,56,0,0,56,0,146,0,0,146
46027,SD,Clay County,14967,458,12776,245,552,365,4,567,12399,339,10855,207,330,306,1,361,2568,119,1921,38,222,59,3,206,6180,5564,616,2517,220,16,0,204,0,2297,2257,0,40
46029,SD,Codington County,28325,739,25969,121,646,202,3,645,21707,444,20230,79,436,165,3,350,6618,295,5739,42,210,37,0,295,13211,12026,1185,505,373,39,0,334,0,132,0,0,132
46031,SD,Corson County,3902,46,968,6,2708,21,0,153,2551,24,777,6,1635,20,0,89,1351,22,191,0,1073,1,0,64,1362,1196,166,2,0,0,0,0,0,2,0,0,2
46033,SD,Custer County,8318,211,7601,42,161,30,0,273,6925,120,6446,35,122,28,0,174,1393,91,1155,7,39,2,0,99,4837,3794,1043,95,77,0,0,77,0,18,0,0,18
46035,SD,Davison County,19956,913,17771,135,602,120,0,415,15361,583,14015,104,372,99,0,188,4595,330,3756,31,230,21,0,227,9484,8581,903,525,315,23,33,259,0,210,93,0,117
46037,SD,Day County,5449,153,4614,3,536,21,4,118,4192,92,3702,3,316,17,4,58,1257,61,912,0,220,4,0,60,3395,2370,1025,93,93,2,0,91,0,0,0,0,0
46039,SD,Deuel County,4295,137,4060,10,26,2,5,55,3269,75,3144,0,10,2,0,38,1026,62,916,10,16,0,5,17,2132,1786,346,50,50,0,0,50,0,0,0,0,0
46041,SD,Dewey County,5239,81,858,10,4082,6,0,202,3595,38,726,10,2695,6,0,120,1644,43,132,0,1387,0,0,82,1923,1705,218,4,0,0,0,0,0,4,0,0,4
46043,SD,Douglas County,2835,54,2675,7,33,3,1,62,2181,38,2076,3,20,3,1,40,654,16,599,4,13,0,0,22,1341,1134,207,116,103,0,0,103,0,13,0,0,13
46045,SD,Edmunds County,3986,61,3788,12,39,23,0,63,3075,36,2942,12,30,13,0,42,911,25,846,0,9,10,0,21,1940,1546,394,202,69,0,0,69,0,133,0,0,133
46047,SD,Fall River County,6973,180,6000,42,395,52,11,293,5772,120,5087,36,301,40,11,177,1201,60,913,6,94,12,0,116,4081,3226,855,218,190,11,0,179,0,28,0,0,28
46049,SD,Faulk County,2125,46,2006,2,45,3,0,23,1652,26,1563,0,45,3,0,15,473,20,443,2,0,0,0,8,1022,761,261,376,70,33,0,37,0,306,0,0,306
46051,SD,Grant County,7556,480,6860,5,72,22,3,114,5836,313,5402,5,41,15,2,58,1720,167,1458,0,31,7,1,56,3426,3103,323,250,172,7,0,165,0,78,0,0,78
46053,SD,Gregory County,3994,52,3498,9,264,21,4,146,3095,34,2792,9,161,13,4,82,899,18,706,0,103,8,0,64,2186,1721,465,78,78,0,0,78,0,0,0,0,0
46055,SD,Haakon County,1872,19,1726,5,34,18,2,68,1449,16,1358,3,22,12,0,38,423,3,368,2,12,6,2,30,931,773,158,46,28,0,0,28,0,18,0,0,18
46057,SD,Hamlin County,6164,288,5726,8,41,14,6,81,4171,186,3910,4,27,6,6,32,1993,102,1816,4,14,8,0,49,2759,2155,604,95,95,0,0,95,0,0,0,0,0
46059,SD,Hand County,3145,49,3020,10,11,9,0,46,2463,23,2391,9,11,8,0,21,682,26,629,1,0,1,0,25,1705,1348,357,68,39,0,0,39,0,29,0,0,29
46063,SD,Harding County,1311,32,1215,7,31,1,0,25,986,21,933,6,11,0,0,15,325,11,282,1,20,1,0,10,720,537,183,6,0,0,0,0,0,6,0,0,6
46065,SD,Hughes County,17765,490,14224,97,2069,134,4,747,13497,285,11299,68,1360,103,4,378,4268,205,2925,29,709,31,0,369,7922,7240,682,784,707,571,24,112,0,77,0,0,77
46069,SD,Hyde County,1262,24,1101,5,100,5,1,26,988,15,894,4,53,5,0,17,274,9,207,1,47,0,1,9,626,522,104,39,35,0,0,35,0,4,0,0,4
46071,SD,Jackson County,2806,61,1052,15,1509,8,3,158,1915,39,858,9,909,5,3,92,891,22,194,6,600,3,0,66,1064,887,177,33,33,0,0,33,0,0,0,0,0
46075,SD,Jones County,917,11,780,4,49,0,0,73,691,4,615,0,30,0,0,42,226,7,165,4,19,0,0,31,504,399,105,0,0,0,0,0,0,0,0,0,0
46077,SD,Kingsbury County,5187,119,4956,5,25,11,7,64,4000,72,3851,0,23,8,7,39,1187,47,1105,5,2,3,0,25,2615,2191,424,212,91,0,0,91,0,121,0,0,121
45045,SC,Greenville County,525534,58025,348316,88023,931,13171,413,16655,406243,38369,280944,66022,774,10154,286,9694,119291,19656,67372,22001,157,3017,127,6961,226215,209082,17133,10444,4489,1830,144,2437,78,5955,5234,0,721
46079,SD,Lake County,11059,606,9946,92,114,69,11,221,8626,419,7851,76,73,67,11,129,2433,187,2095,16,41,2,0,92,5658,4576,1082,592,82,12,0,70,0,510,375,0,135
46083,SD,Lincoln County,65161,1679,59074,1161,434,1013,10,1790,46756,976,43205,689,270,750,7,859,18405,703,15869,472,164,263,3,931,26227,24877,1350,269,233,0,0,233,0,36,0,0,36
46085,SD,Lyman County,3718,45,1934,5,1629,4,0,101,2622,33,1540,2,970,4,0,73,1096,12,394,3,659,0,0,28,1546,1303,243,80,37,31,0,6,0,43,0,0,43
46089,SD,McPherson County,2411,53,2266,9,27,3,3,50,1915,37,1821,9,16,3,1,28,496,16,445,0,11,0,2,22,1258,940,318,204,76,0,0,76,0,128,0,0,128
46091,SD,Marshall County,4306,255,3621,7,327,12,1,83,3256,153,2868,4,190,7,1,33,1050,102,753,3,137,5,0,50,2394,1702,692,306,39,1,0,38,0,267,0,0,267
46095,SD,Mellette County,1918,39,663,5,1101,4,0,106,1285,15,564,4,647,2,0,53,633,24,99,1,454,2,0,53,775,651,124,42,42,0,0,42,0,0,0,0,0
46097,SD,Miner County,2298,42,2196,5,8,7,0,40,1776,28,1713,2,5,7,0,21,522,14,483,3,3,0,0,19,1189,943,246,64,64,0,0,64,0,0,0,0,0
46101,SD,Moody County,6336,314,4872,37,740,89,0,284,4631,192,3744,16,481,71,0,127,1705,122,1128,21,259,18,0,157,2728,2474,254,83,83,0,0,83,0,0,0,0,0
28135,MS,Tallahatchie County,12715,425,4743,7392,4,10,3,138,10163,402,4076,5586,4,10,3,82,2552,23,667,1806,0,0,0,56,5450,4587,863,1650,1650,1547,0,103,0,0,0,0,0
28141,MS,Tishomingo County,18850,537,17287,445,48,43,0,490,14902,341,13775,373,35,38,0,340,3948,196,3512,72,13,5,0,150,10512,7917,2595,286,275,55,0,220,0,11,0,0,11
28147,MS,Walthall County,13884,203,7599,5718,43,53,8,260,10801,136,6162,4292,39,37,5,130,3083,67,1437,1426,4,16,3,130,6834,5653,1181,130,130,35,0,95,0,0,0,0,0
28153,MS,Wayne County,19779,343,11375,7713,31,36,4,277,15032,221,8975,5605,26,35,4,166,4747,122,2400,2108,5,1,0,111,9031,7977,1054,104,27,0,6,21,0,77,0,0,77
28159,MS,Winston County,17714,226,8889,8098,162,41,1,297,13650,143,7291,5913,113,30,1,159,4064,83,1598,2185,49,11,0,138,8174,7207,967,460,442,265,0,177,0,18,0,0,18
35001,NM,Bernalillo County,676444,329481,259516,18941,30747,19659,597,17503,533771,241402,225272,15090,23511,16183,496,11817,142673,88079,34244,3851,7236,3476,101,5686,299451,279298,20153,11142,4411,1540,204,2592,75,6731,2805,693,3233
35041,NM,Roosevelt County,19191,8397,9507,471,170,185,19,442,14440,5768,7708,361,130,140,18,315,4751,2629,1799,110,40,45,1,127,8483,7159,1324,1059,192,58,85,49,0,867,800,0,67
35047,NM,San Miguel County,27201,20490,5716,299,280,146,3,267,21911,15939,5143,275,229,130,3,192,5290,4551,573,24,51,16,0,75,14768,11351,3417,1056,358,74,0,89,195,698,585,0,113
35051,NM,Sierra County,11576,3311,7639,78,106,126,3,313,9795,2436,6826,62,106,98,3,264,1781,875,813,16,0,28,0,49,8056,5741,2315,182,162,0,0,162,0,20,0,0,20
35057,NM,Torrance County,15045,6265,7938,149,242,61,3,387,11933,4521,6741,119,194,56,2,300,3112,1744,1197,30,48,5,1,87,7169,5953,1216,303,262,262,0,0,0,41,0,0,41
38001,ND,Adams County,2200,36,2053,13,14,39,1,44,1767,25,1671,8,12,23,0,28,433,11,382,5,2,16,1,16,1364,1011,353,64,59,0,0,59,0,5,0,0,5
38007,ND,Billings County,945,22,907,4,3,6,0,3,737,13,713,3,0,6,0,2,208,9,194,1,3,0,0,1,567,406,161,6,0,0,0,0,0,6,0,0,6
38013,ND,Burke County,2201,59,2058,13,22,13,0,36,1641,29,1554,12,10,12,0,24,560,30,504,1,12,1,0,12,1378,954,424,0,0,0,0,0,0,0,0,0,0
38019,ND,Cavalier County,3704,45,3522,7,28,18,0,84,2885,35,2778,2,19,12,0,39,819,10,744,5,9,6,0,45,2097,1661,436,45,45,0,0,45,0,0,0,0,0
38023,ND,Divide County,2195,53,2040,24,17,12,4,45,1691,32,1595,11,11,10,0,32,504,21,445,13,6,2,4,13,1397,965,432,45,45,0,0,45,0,0,0,0,0
38029,ND,Emmons County,3301,35,3179,2,13,13,0,59,2615,20,2545,1,5,13,0,31,686,15,634,1,8,0,0,28,2047,1492,555,60,60,0,0,60,0,0,0,0,0
38035,ND,Grand Forks County,73170,3657,59425,3092,1639,2499,53,2805,57784,2372,48379,2169,1157,1993,42,1672,15386,1285,11046,923,482,506,11,1133,33428,30658,2770,4238,936,163,19,754,0,3302,2782,135,385
38041,ND,Hettinger County,2489,34,2330,7,42,6,7,63,1943,15,1847,1,32,6,7,35,546,19,483,6,10,0,0,28,1399,1064,335,116,116,70,0,46,0,0,0,0,0
38047,ND,Logan County,1876,35,1789,2,11,0,0,39,1424,14,1384,2,5,0,0,19,452,21,405,0,6,0,0,20,1078,791,287,56,56,0,0,56,0,0,0,0,0
38053,ND,McKenzie County,14704,1532,10394,233,1825,178,5,537,10366,952,7657,164,1119,149,4,321,4338,580,2737,69,706,29,1,216,7661,5416,2245,116,99,29,0,61,9,17,0,0,17
38059,ND,Morton County,33291,1312,29011,483,1239,180,39,1027,25365,806,22768,313,803,137,33,505,7926,506,6243,170,436,43,6,522,15107,13827,1280,758,576,65,67,444,0,182,0,0,182
38063,ND,Nelson County,3015,69,2869,7,16,10,1,43,2473,54,2369,6,13,8,1,22,542,15,500,1,3,2,0,21,1791,1386,405,113,113,0,0,113,0,0,0,0,0
38069,ND,Pierce County,3990,72,3641,38,148,18,5,68,3096,39,2873,25,96,18,5,40,894,33,768,13,52,0,0,28,2040,1719,321,125,125,78,0,47,0,0,0,0,0
38075,ND,Renville County,2282,37,2166,5,14,0,0,60,1778,30,1696,2,14,0,0,36,504,7,470,3,0,0,0,24,1282,982,300,40,40,0,0,40,0,0,0,0,0
38081,ND,Sargent County,3862,91,3602,48,8,14,0,99,3057,60,2892,35,7,8,0,55,805,31,710,13,1,6,0,44,1999,1734,265,49,49,0,0,49,0,0,0,0,0
38087,ND,Slope County,706,8,682,0,2,0,0,14,554,5,542,0,2,0,0,5,152,3,140,0,0,0,0,9,409,303,106,0,0,0,0,0,0,0,0,0,0
38093,ND,Stutsman County,21593,593,19613,450,296,140,4,497,17254,413,15865,324,241,118,4,289,4339,180,3748,126,55,22,0,208,10374,9084,1290,1866,902,460,0,373,69,964,629,0,335
38099,ND,Walsh County,10563,1316,8753,77,142,48,0,227,8159,808,7031,56,100,38,0,126,2404,508,1722,21,42,10,0,101,5202,4493,709,292,187,17,0,170,0,105,0,0,105
38103,ND,Wells County,3982,38,3814,19,17,12,0,82,3180,24,3082,10,9,1,0,54,802,14,732,9,8,11,0,28,2338,1852,486,84,71,0,0,71,0,13,0,0,13
20013,KS,Brown County,9508,352,7782,109,799,45,9,412,7159,192,6073,83,545,27,9,230,2349,160,1709,26,254,18,0,182,4482,3841,641,126,78,0,0,78,0,48,0,0,48
20017,KS,Chase County,2572,222,2246,20,8,12,1,63,2045,176,1793,19,3,8,1,45,527,46,453,1,5,4,0,18,1397,1056,341,170,170,143,0,27,0,0,0,0,0
20023,KS,Cheyenne County,2616,238,2298,7,8,12,0,53,2040,140,1847,7,1,12,0,33,576,98,451,0,7,0,0,20,1464,1181,283,26,26,0,0,26,0,0,0,0,0
20029,KS,Cloud County,9032,319,8329,127,40,41,4,172,6995,217,6491,109,26,28,4,120,2037,102,1838,18,14,13,0,52,4503,3665,838,569,253,75,0,133,45,316,260,0,56
20035,KS,Cowley County,34549,3971,26509,894,628,509,179,1859,26392,2441,21142,736,462,407,109,1095,8157,1530,5367,158,166,102,70,764,15558,13322,2236,1949,1078,674,0,380,24,871,776,0,95
20039,KS,Decatur County,2764,76,2589,12,7,10,0,70,2200,43,2093,10,7,10,0,37,564,33,496,2,0,0,0,33,1640,1295,345,45,45,6,0,39,0,0,0,0,0
20045,KS,Douglas County,118785,8295,91494,5260,2588,4723,92,6333,96316,5898,75929,4241,2138,4088,70,3952,22469,2397,15565,1019,450,635,22,2381,52846,48553,4293,8502,537,144,38,355,0,7965,7630,0,335
20051,KS,Ellis County,28934,2016,25348,345,66,274,0,885,22952,1443,20412,283,52,207,0,555,5982,573,4936,62,14,67,0,330,13166,11853,1313,1817,93,31,0,62,0,1724,1546,0,178
20057,KS,Ford County,34287,19666,12616,914,102,409,7,573,23674,12133,10134,682,83,323,5,314,10613,7533,2482,232,19,86,2,259,12550,11376,1174,657,383,97,0,286,0,274,251,0,23
20063,KS,Gove County,2718,83,2518,7,5,17,1,87,2018,51,1902,3,5,12,1,44,700,32,616,4,0,5,0,43,1319,1120,199,51,50,0,0,50,0,1,0,0,1
20067,KS,Grant County,7352,3862,3257,12,55,9,3,154,5156,2415,2574,12,43,9,3,100,2196,1447,683,0,12,0,0,54,2930,2621,309,51,51,19,0,32,0,0,0,0,0
20073,KS,Greenwood County,6016,204,5452,34,32,38,1,255,4729,110,4364,26,31,24,1,173,1287,94,1088,8,1,14,0,82,3666,2687,979,106,82,26,0,56,0,24,0,0,24
20079,KS,Harvey County,34024,4055,27699,621,184,269,10,1186,25911,2565,21851,462,144,200,5,684,8113,1490,5848,159,40,69,5,502,14569,13363,1206,1128,683,88,37,558,0,445,351,0,94
20085,KS,Jackson County,13232,630,10646,104,1099,33,19,701,9843,364,8215,81,742,31,15,395,3389,266,2431,23,357,2,4,306,5583,5036,547,202,159,61,0,98,0,43,0,0,43
20089,KS,Jewell County,2932,62,2776,6,10,11,0,67,2307,31,2223,4,8,9,0,32,625,31,553,2,2,2,0,35,1763,1346,417,19,19,5,0,14,0,0,0,0,0
20095,KS,Kingman County,7470,268,6881,33,27,36,4,221,5794,156,5406,20,25,25,4,158,1676,112,1475,13,2,11,0,63,3647,3155,492,114,114,10,11,93,0,0,0,0,0
20101,KS,Lane County,1574,143,1394,0,8,0,2,27,1237,83,1125,0,7,0,2,20,337,60,269,0,1,0,0,7,895,736,159,17,17,0,0,17,0,0,0,0,0
20107,KS,Linn County,9591,238,8856,66,46,22,10,353,7418,138,6939,31,42,22,8,238,2173,100,1917,35,4,0,2,115,5065,3982,1083,13,13,0,0,13,0,0,0,0,0
20111,KS,Lyon County,32179,7256,22529,656,125,593,6,1014,25093,4786,18506,552,107,495,6,641,7086,2470,4023,104,18,98,0,373,14957,13183,1774,1237,275,83,0,192,0,962,869,0,93
20117,KS,Marshall County,10038,227,9486,42,23,42,0,218,7639,133,7310,23,23,31,0,119,2399,94,2176,19,0,11,0,99,4762,4195,567,182,145,9,0,51,85,37,0,0,37
20123,KS,Mitchell County,5796,157,5484,21,12,13,0,109,4460,87,4264,13,12,13,0,71,1336,70,1220,8,0,0,0,38,3124,2543,581,125,96,0,0,34,62,29,0,0,29
20129,KS,Morton County,2701,591,1957,20,10,34,9,80,2043,391,1543,19,10,24,6,50,658,200,414,1,0,10,3,30,1316,1053,263,57,57,15,0,42,0,0,0,0,0
20135,KS,Ness County,2687,305,2333,3,9,3,0,34,2150,172,1942,2,8,0,0,26,537,133,391,1,1,3,0,8,1548,1216,332,82,82,20,0,62,0,0,0,0,0
20139,KS,Osage County,15766,457,14661,39,43,55,3,508,12113,257,11435,25,35,45,3,313,3653,200,3226,14,8,10,0,195,7233,6480,753,146,116,0,0,116,0,30,0,0,30
20185,KS,Stafford County,4072,503,3387,17,21,13,0,131,3114,314,2682,14,14,9,0,81,958,189,705,3,7,4,0,50,2088,1739,349,91,91,0,0,88,3,0,0,0,0
20191,KS,Sumner County,22382,1254,19598,223,225,83,1,998,16920,764,15167,155,171,69,0,594,5462,490,4431,68,54,14,1,404,10324,9028,1296,312,312,66,0,246,0,0,0,0,0
20197,KS,Wabaunsee County,6877,317,6219,37,29,14,4,257,5196,171,4813,27,27,12,4,142,1681,146,1406,10,2,2,0,115,3110,2659,451,183,102,0,0,102,0,81,81,0,0
20203,KS,Wichita County,2152,636,1439,2,8,1,2,64,1574,417,1102,1,6,0,2,46,578,219,337,1,2,1,0,18,999,846,153,19,19,0,0,19,0,0,0,0,0
20207,KS,Woodson County,3115,71,2884,10,31,1,0,118,2452,38,2303,8,22,0,0,81,663,33,581,2,9,1,0,37,1828,1355,473,50,50,9,0,41,0,0,0,0,0
21003,KY,Allen County,20588,574,19158,219,38,57,7,535,15641,321,14743,164,25,33,0,355,4947,253,4415,55,13,24,7,180,9208,8009,1199,169,137,37,0,100,0,32,0,0,32
20181,KS,Sherman County,5927,773,4867,111,12,15,1,148,4482,496,3782,105,12,14,1,72,1445,277,1085,6,0,1,0,76,2934,2447,487,252,48,0,0,48,0,204,150,0,54
20183,KS,Smith County,3570,67,3391,14,15,10,0,73,2860,45,2741,7,14,9,0,44,710,22,650,7,1,1,0,29,2026,1627,399,59,50,4,0,46,0,9,0,0,9
20187,KS,Stanton County,2084,909,1078,7,21,7,0,62,1486,589,839,5,16,1,0,36,598,320,239,2,5,6,0,26,931,783,148,33,33,9,0,24,0,0,0,0,0
20189,KS,Stevens County,5250,2020,3042,24,20,24,0,120,3757,1282,2351,16,19,21,0,68,1493,738,691,8,1,3,0,52,2240,1905,335,64,64,1,0,63,0,0,0,0,0
20193,KS,Thomas County,7930,632,6965,112,16,50,0,155,6052,430,5399,97,10,34,0,82,1878,202,1566,15,6,16,0,73,3573,3162,411,386,100,18,0,82,0,286,279,0,7
20195,KS,Trego County,2808,64,2662,5,5,12,0,60,2225,32,2137,4,5,7,0,40,583,32,525,1,0,5,0,20,1611,1283,328,41,41,0,0,41,0,0,0,0,0
20199,KS,Wallace County,1512,80,1372,5,1,1,2,51,1124,53,1038,4,1,0,2,26,388,27,334,1,0,1,0,25,740,608,132,24,24,0,0,24,0,0,0,0,0
20201,KS,Washington County,5530,275,5128,14,2,7,2,102,4230,154,3997,6,2,5,2,64,1300,121,1131,8,0,2,0,38,2726,2312,414,112,93,0,0,84,9,19,0,0,19
20205,KS,Wilson County,8624,261,7785,28,79,38,2,431,6605,160,6068,13,65,32,2,265,2019,101,1717,15,14,6,0,166,4485,3636,849,145,103,33,0,70,0,42,0,0,42
20209,KS,Wyandotte County,169245,55814,64318,34188,736,7709,368,6112,123572,35156,53363,25420,600,5029,225,3779,45673,20658,10955,8768,136,2680,143,2333,68475,61835,6640,2986,1731,576,20,1112,23,1255,130,0,1125
21001,KY,Adair County,18903,643,17160,520,27,80,8,465,14861,397,13632,451,25,72,4,280,4042,246,3528,69,2,8,4,185,8600,7364,1236,1140,170,68,11,91,0,970,970,0,0
21005,KY,Anderson County,23852,521,21820,510,51,111,4,835,18268,325,16924,406,41,76,1,495,5584,196,4896,104,10,35,3,340,10044,9369,675,99,99,0,0,99,0,0,0,0,0
21007,KY,Ballard County,7728,93,7151,209,7,30,0,238,6117,54,5723,154,7,19,0,160,1611,39,1428,55,0,11,0,78,3684,3228,456,121,121,68,0,53,0,0,0,0,0
21011,KY,Bath County,12750,182,12165,134,4,19,1,245,9503,94,9119,112,0,12,1,165,3247,88,3046,22,4,7,0,80,5445,4878,567,93,93,0,0,93,0,0,0,0,0
21013,KY,Bell County,24097,244,22463,572,33,128,4,653,18995,163,17807,484,30,95,3,413,5102,81,4656,88,3,33,1,240,11517,9928,1589,713,555,386,4,165,0,158,47,0,111
21017,KY,Bourbon County,20252,1486,16909,1063,30,86,8,670,15500,862,13364,846,28,51,6,343,4752,624,3545,217,2,35,2,327,9112,8220,892,102,96,4,0,92,0,6,0,0,6
21019,KY,Boyd County,48261,714,44340,1352,93,296,7,1459,37983,463,35283,1112,78,227,6,814,10278,251,9057,240,15,69,1,645,21742,19296,2446,2283,1869,1452,103,302,12,414,0,0,414
21023,KY,Bracken County,8400,90,8022,49,14,15,0,210,6360,47,6137,28,14,10,0,124,2040,43,1885,21,0,5,0,86,3839,3329,510,28,28,0,0,28,0,0,0,0,0
21027,KY,Breckinridge County,20432,284,18930,449,44,45,3,677,15711,185,14674,347,37,33,0,435,4721,99,4256,102,7,12,3,242,10704,8003,2701,299,273,207,0,66,0,26,7,0,19
21029,KY,Bullitt County,82217,2117,75485,1107,189,468,25,2826,63008,1271,58736,759,146,353,15,1728,19209,846,16749,348,43,115,10,1098,32704,31409,1295,147,112,0,26,86,0,35,0,0,35
21033,KY,Caldwell County,12649,198,11289,667,21,56,2,416,9903,131,8952,507,20,42,2,249,2746,67,2337,160,1,14,0,167,6082,5277,805,229,192,34,0,67,91,37,0,0,37
21035,KY,Calloway County,37103,1353,32524,1334,54,445,12,1381,30297,885,26941,1111,54,360,9,937,6806,468,5583,223,0,85,3,444,17874,15108,2766,3261,363,137,0,219,7,2898,2782,0,116
21039,KY,Carlisle County,4826,133,4459,59,27,12,0,136,3720,57,3503,44,13,11,0,92,1106,76,956,15,14,1,0,44,2293,2003,290,56,56,0,0,56,0,0,0,0,0
21041,KY,Carroll County,10810,795,9479,173,20,45,6,292,8104,459,7285,132,20,35,6,167,2706,336,2194,41,0,10,0,125,4658,4090,568,305,237,113,0,124,0,68,0,0,68
21045,KY,Casey County,15941,539,14931,96,42,56,1,276,12064,288,11453,74,38,41,1,169,3877,251,3478,22,4,15,0,107,7366,6270,1096,445,370,294,0,76,0,75,0,0,75
21047,KY,Christian County,72748,5752,46906,15357,275,973,214,3271,53678,3755,36070,11016,222,760,133,1722,19070,1997,10836,4341,53,213,81,1549,29206,26435,2771,4853,1087,526,15,428,118,3766,0,3728,38
21051,KY,Clay County,20345,353,18749,830,26,23,11,353,15983,294,14606,784,18,22,11,248,4362,59,4143,46,8,1,0,105,8581,7593,988,1566,1423,1320,0,103,0,143,88,0,55
21053,KY,Clinton County,9253,245,8730,43,10,14,3,208,7098,116,6785,27,4,11,3,152,2155,129,1945,16,6,3,0,56,4841,3942,899,132,132,34,53,45,0,0,0,0,0
21057,KY,Cumberland County,5888,77,5483,154,1,3,6,164,4649,54,4364,131,0,3,2,95,1239,23,1119,23,1,0,4,69,3379,2585,794,92,77,0,0,77,0,15,0,0,15
21059,KY,Daviess County,103312,4145,87905,4987,134,2452,61,3628,78502,2306,68921,3653,102,1613,48,1859,24810,1839,18984,1334,32,839,13,1769,43863,41105,2758,2500,1509,766,29,694,20,991,649,0,342
21063,KY,Elliott County,7354,91,6894,251,14,19,0,85,5903,68,5506,249,14,10,0,56,1451,23,1388,2,0,9,0,29,3022,2511,511,1114,1114,1041,0,73,0,0,0,0,0
21067,KY,Fayette County,322570,29750,217923,48207,504,13610,145,12431,254496,19139,181731,35294,421,10505,114,7292,68074,10611,36192,12913,83,3105,31,5139,146142,134535,11607,13510,3969,2434,26,1465,44,9541,8444,0,1097
21069,KY,Fleming County,15082,218,14390,161,22,22,3,266,11469,117,11029,129,18,15,3,158,3613,101,3361,32,4,7,0,108,6732,5936,796,163,77,0,0,77,0,86,0,0,86
21073,KY,Franklin County,51541,2047,41670,4527,93,1060,15,2129,40657,1233,33922,3452,79,809,12,1150,10884,814,7748,1075,14,251,3,979,24000,21838,2162,1665,700,211,7,169,313,965,800,0,165
21075,KY,Fulton County,6515,151,4621,1447,13,22,11,250,5189,99,3848,1091,12,17,4,118,1326,52,773,356,1,5,7,132,3177,2725,452,537,505,471,0,34,0,32,0,32,0
21079,KY,Garrard County,16953,451,15550,312,30,55,8,547,13021,249,12112,245,28,33,8,346,3932,202,3438,67,2,22,0,201,7254,6584,670,134,95,0,0,95,0,39,0,0,39
21081,KY,Grant County,24941,741,23011,207,52,72,33,825,18397,418,17210,144,49,56,29,491,6544,323,5801,63,3,16,4,334,10050,8995,1055,329,329,208,0,121,0,0,0,0,0
21085,KY,Grayson County,26420,364,24910,328,72,112,2,632,20390,237,19297,284,68,76,2,426,6030,127,5613,44,4,36,0,206,13275,10440,2835,759,723,584,0,139,0,36,0,0,36
21087,KY,Green County,11107,199,10431,174,17,31,2,253,8644,112,8187,147,17,23,2,156,2463,87,2244,27,0,8,0,97,5270,4606,664,95,95,0,0,95,0,0,0,0,0
21091,KY,Hancock County,9095,162,8627,82,4,36,0,184,6932,91,6648,60,4,27,0,102,2163,71,1979,22,0,9,0,82,3894,3531,363,85,85,0,0,85,0,0,0,0,0
21093,KY,Hardin County,110702,6695,82011,12783,387,2319,404,6103,84095,4254,64325,9628,295,1930,294,3369,26607,2441,17686,3155,92,389,110,2734,46669,42933,3736,2556,1105,577,32,496,0,1451,0,1260,191
21097,KY,Harrison County,18692,387,17371,326,27,51,1,529,14477,224,13606,267,26,41,1,312,4215,163,3765,59,1,10,0,217,8063,7371,692,301,256,0,0,256,0,45,0,0,45
21101,KY,Henderson County,44793,1368,37617,3725,80,257,42,1704,34500,801,29750,2838,57,203,21,830,10293,567,7867,887,23,54,21,874,20047,18345,1702,996,847,602,0,245,0,149,0,0,149
21103,KY,Henry County,15678,545,14178,369,46,40,0,500,12102,338,11113,293,32,32,0,294,3576,207,3065,76,14,8,0,206,6600,6099,501,87,87,0,0,87,0,0,0,0,0
21105,KY,Hickman County,4521,102,3886,383,6,11,0,133,3530,52,3112,290,5,7,0,64,991,50,774,93,1,4,0,69,2150,1916,234,117,117,0,0,117,0,0,0,0,0
21107,KY,Hopkins County,45423,1126,39307,2937,71,246,30,1706,35186,680,31089,2264,65,182,16,890,10237,446,8218,673,6,64,14,816,20888,18595,2293,998,929,352,0,577,0,69,0,0,69
21109,KY,Jackson County,12955,96,12556,15,36,20,4,228,9994,60,9725,14,27,14,4,150,2961,36,2831,1,9,6,0,78,5954,5244,710,97,65,17,12,36,0,32,0,0,32
21111,KY,Jefferson County,782969,59021,496634,168729,1499,27437,585,29064,614376,41100,411730,122607,1183,20342,439,16975,168593,17921,84904,46122,316,7095,146,12089,356887,328169,28718,15904,7310,2134,252,4786,138,8594,5595,0,2999
21113,KY,Jessamine County,52991,2384,45597,2307,113,677,28,1885,39704,1381,35142,1544,95,504,25,1013,13287,1003,10455,763,18,173,3,872,20626,19438,1188,1505,429,107,13,302,7,1076,1007,0,69
21115,KY,Johnson County,22680,198,21935,50,39,107,4,347,17751,139,17205,42,32,84,4,245,4929,59,4730,8,7,23,0,102,10493,9236,1257,375,295,159,0,103,33,80,0,0,80
21117,KY,Kenton County,169064,7741,143683,8321,244,2076,244,6755,128943,4670,112795,5915,198,1599,163,3603,40121,3071,30888,2406,46,477,81,3152,72585,67612,4973,1813,805,20,38,747,0,1008,382,0,626
21119,KY,Knott County,14251,90,13847,70,8,19,0,217,11228,56,10931,59,8,18,0,156,3023,34,2916,11,0,1,0,61,6639,5749,890,505,96,0,5,91,0,409,373,0,36
21121,KY,Knox County,30193,347,28606,293,82,89,2,774,23183,224,22083,226,72,77,1,500,7010,123,6523,67,10,12,1,274,13723,12047,1676,902,689,324,36,329,0,213,74,0,139
21123,KY,Larue County,14867,479,13417,393,50,34,15,479,11338,263,10387,303,39,25,8,313,3529,216,3030,90,11,9,7,166,6474,5879,595,148,148,117,31,0,0,0,0,0,0
21125,KY,Laurel County,62613,1011,58858,465,147,437,5,1690,47982,639,45356,368,115,311,4,1189,14631,372,13502,97,32,126,1,501,26533,24262,2271,1079,960,645,3,312,0,119,0,0,119
21127,KY,Lawrence County,16293,148,15788,45,2,26,4,280,12527,69,12209,34,2,21,0,192,3766,79,3579,11,0,5,4,88,7524,6429,1095,137,81,0,0,81,0,56,0,0,56
21129,KY,Lee County,7395,60,6936,285,1,2,0,111,6013,37,5616,277,1,1,0,81,1382,23,1320,8,0,1,0,30,3211,2714,497,1143,1106,1007,0,99,0,37,0,0,37
21131,KY,Leslie County,10513,72,10209,43,15,16,0,158,8243,48,8037,18,15,16,0,109,2270,24,2172,25,0,0,0,49,4872,4241,631,317,317,234,0,83,0,0,0,0,0
21133,KY,Letcher County,21548,133,20846,94,30,60,0,385,16952,82,16438,79,30,48,0,275,4596,51,4408,15,0,12,0,110,10520,9047,1473,326,220,96,0,124,0,106,0,0,106
46102,SD,Oglala Lakota County,13672,402,453,25,12530,40,0,222,8605,226,405,25,7801,30,0,118,5067,176,48,0,4729,10,0,104,3454,3208,246,398,280,239,17,24,0,118,0,103,15
46105,SD,Perkins County,2835,38,2671,4,66,6,4,46,2244,23,2132,2,45,4,3,35,591,15,539,2,21,2,1,11,1710,1257,453,67,47,0,0,47,0,20,0,0,20
46107,SD,Potter County,2472,39,2322,7,55,14,0,35,1989,14,1904,6,33,10,0,22,483,25,418,1,22,4,0,13,1569,1127,442,44,44,0,0,44,0,0,0,0,0
46109,SD,Roberts County,10280,215,5608,36,3932,29,0,460,7395,131,4616,27,2378,22,0,221,2885,84,992,9,1554,7,0,239,4788,3844,944,246,201,74,0,127,0,45,0,0,45
46115,SD,Spink County,6361,143,6031,23,61,2,0,101,4881,101,4669,13,46,1,0,51,1480,42,1362,10,15,1,0,50,2983,2520,463,445,187,0,0,187,0,258,0,0,258
46117,SD,Stanley County,2980,31,2592,13,193,6,9,136,2244,17,2016,12,102,6,9,82,736,14,576,1,91,0,0,54,1427,1244,183,0,0,0,0,0,0,0,0,0,0
46121,SD,Todd County,9319,222,704,10,8125,45,0,213,5615,101,585,6,4792,26,0,105,3704,121,119,4,3333,19,0,108,2875,2570,305,87,65,49,16,0,0,22,0,0,22
46123,SD,Tripp County,5624,54,4355,15,972,5,0,223,4284,39,3525,14,588,4,0,114,1340,15,830,1,384,1,0,109,2762,2233,529,243,222,90,0,132,0,21,0,0,21
46127,SD,Union County,16811,661,15165,183,120,250,27,405,12657,387,11647,123,74,185,27,214,4154,274,3518,60,46,65,0,191,7215,6822,393,102,79,14,0,65,0,23,0,0,23
46129,SD,Walworth County,5315,99,4138,10,786,12,0,270,4097,59,3389,8,504,6,0,131,1218,40,749,2,282,6,0,139,2927,2271,656,70,70,20,0,50,0,0,0,0,0
46137,SD,Ziebach County,2413,34,406,0,1899,3,3,68,1570,22,363,0,1148,0,0,37,843,12,43,0,751,3,3,31,882,732,150,43,0,0,0,0,0,43,0,0,43
47001,TN,Anderson County,77123,2820,66716,2940,220,1014,55,3358,60836,1756,53683,2235,182,826,36,2118,16287,1064,13033,705,38,188,19,1240,35143,31993,3150,1129,786,294,46,446,0,343,70,0,273
47005,TN,Benton County,15864,375,14502,328,50,110,4,495,12773,246,11798,261,39,86,4,339,3091,129,2704,67,11,24,0,156,8485,6881,1604,178,143,95,0,48,0,35,0,0,35
47007,TN,Bledsoe County,14913,459,13203,781,48,37,0,385,12310,307,10888,766,39,21,0,289,2603,152,2315,15,9,16,0,96,5870,5039,831,2616,2591,2481,0,110,0,25,0,0,25
47011,TN,Bradley County,108620,8461,88766,5249,276,1232,119,4517,84901,5264,71418,4008,231,935,75,2970,23719,3197,17348,1241,45,297,44,1547,44781,41847,2934,2574,727,344,0,383,0,1847,1679,0,168
47013,TN,Campbell County,39272,500,37305,154,78,106,2,1127,31248,321,29845,126,65,72,1,818,8024,179,7460,28,13,34,1,309,19941,16324,3617,493,453,192,0,261,0,40,0,0,40
47017,TN,Carroll County,28440,769,23916,2482,79,135,6,1053,22484,494,19192,1995,69,103,5,626,5956,275,4724,487,10,32,1,427,13084,11446,1638,1310,371,113,0,258,0,939,796,0,143
47019,TN,Carter County,56356,1181,52171,744,154,255,10,1841,45897,798,42891,592,127,221,8,1260,10459,383,9280,152,27,34,2,581,27779,24317,3462,1455,669,255,7,407,0,786,624,0,162
47023,TN,Chester County,17341,528,14584,1519,54,77,1,578,13491,305,11611,1130,50,61,1,333,3850,223,2973,389,4,16,0,245,7212,6503,709,1179,178,81,3,94,0,1001,1001,0,0
47025,TN,Claiborne County,32043,490,30139,341,60,158,12,843,25936,380,24444,289,59,147,9,608,6107,110,5695,52,1,11,3,235,15321,13198,2123,1373,445,192,0,253,0,928,928,0,0
47029,TN,Cocke County,35999,954,32931,594,129,155,10,1226,28934,607,26778,487,111,111,8,832,7065,347,6153,107,18,44,2,394,17808,15246,2562,313,199,93,0,106,0,114,0,0,114
47031,TN,Coffee County,57889,3259,49410,2159,147,630,38,2246,44600,1983,39076,1632,119,473,18,1299,13289,1276,10334,527,28,157,20,947,24946,22842,2104,747,607,146,21,440,0,140,0,0,140
47035,TN,Cumberland County,61145,1936,56738,345,132,377,15,1602,50574,1234,47481,242,122,316,14,1165,10571,702,9257,103,10,61,1,437,30479,26933,3546,608,496,148,8,340,0,112,0,0,112
47037,TN,Davidson County,715884,98119,391875,172941,1365,28096,322,23166,572818,65511,336889,131004,1169,22447,243,15555,143066,32608,54986,41937,196,5649,79,7611,328309,301236,27073,24801,7230,4378,156,2497,199,17571,15112,0,2459
47041,TN,DeKalb County,20080,1449,17690,249,45,82,6,559,15664,900,14066,197,44,67,4,386,4416,549,3624,52,1,15,2,173,9867,8061,1806,197,145,10,29,106,0,52,46,0,6
47043,TN,Dickson County,54315,2582,47337,1993,183,329,7,1884,42204,1671,37464,1574,139,257,5,1094,12111,911,9873,419,44,72,2,790,22551,21154,1397,777,582,294,0,105,183,195,0,0,195
47045,TN,Dyer County,36801,1303,28550,5384,82,224,12,1246,27943,755,22423,3834,56,167,11,697,8858,548,6127,1550,26,57,1,549,16218,14787,1431,487,442,167,0,275,0,45,0,0,45
47047,TN,Fayette County,41990,1430,27851,11101,61,286,19,1242,34105,910,23247,8765,57,244,19,863,7885,520,4604,2336,4,42,0,379,17554,16625,929,531,478,129,189,160,0,53,0,0,53
47049,TN,Fentress County,18489,316,17617,33,26,35,3,459,14688,186,14071,23,26,33,0,349,3801,130,3546,10,0,2,3,110,9201,7673,1528,303,303,123,0,180,0,0,0,0,0
47051,TN,Franklin County,42774,1502,37258,2030,120,378,18,1468,34398,976,30400,1653,106,318,14,931,8376,526,6858,377,14,60,4,537,19395,16814,2581,2094,362,159,0,203,0,1732,1668,0,64
47053,TN,Gibson County,50429,1439,38241,8963,98,212,16,1460,38270,863,29664,6703,80,152,11,797,12159,576,8577,2260,18,60,5,663,22313,20130,2183,942,830,263,0,567,0,112,0,0,112
47055,TN,Giles County,30346,728,25150,2961,115,185,9,1198,23982,435,20277,2349,90,144,8,679,6364,293,4873,612,25,41,1,519,13915,12327,1588,855,530,149,0,381,0,325,313,0,12
47057,TN,Grainger County,23527,773,21892,132,42,57,3,628,18704,473,17582,107,40,52,3,447,4823,300,4310,25,2,5,0,181,11644,9663,1981,183,173,50,15,108,0,10,0,0,10
47059,TN,Greene County,70152,2535,63656,1372,152,320,17,2100,56339,1585,51857,1101,134,255,8,1399,13813,950,11799,271,18,65,9,701,32154,28738,3416,2117,652,272,59,321,0,1465,1243,0,222
47061,TN,Grundy County,13529,175,12682,43,33,50,0,546,10768,117,10138,38,28,43,0,404,2761,58,2544,5,5,7,0,142,6196,5405,791,206,189,72,0,115,2,17,0,0,17
47063,TN,Hamblen County,64499,9483,49568,2165,132,731,269,2151,49514,5478,40141,1724,105,567,176,1323,14985,4005,9427,441,27,164,93,828,27376,25265,2111,587,323,61,10,252,0,264,0,0,264
47065,TN,Hamilton County,366207,27075,252551,64489,792,8309,139,12852,289447,17174,208114,48463,635,6538,100,8423,76760,9901,44437,16026,157,1771,39,4429,162268,148758,13510,8869,4053,939,101,2722,291,4816,3951,20,845
47067,TN,Hancock County,6662,40,6444,36,25,2,0,115,5278,33,5102,24,20,2,0,97,1384,7,1342,12,5,0,0,18,3669,2827,842,137,137,95,0,42,0,0,0,0,0
47069,TN,Hardeman County,25462,494,14055,10176,47,169,6,515,20791,380,11893,8027,34,120,6,331,4671,114,2162,2149,13,49,0,184,10655,9174,1481,3727,3693,3428,0,130,135,34,0,0,34
47071,TN,Hardin County,26831,565,24442,837,82,156,0,749,21369,378,19638,667,68,120,0,498,5462,187,4804,170,14,36,0,251,15063,11244,3819,467,396,0,0,396,0,71,45,0,26
47073,TN,Hawkins County,56721,889,53161,705,107,268,14,1577,45408,548,42881,547,89,212,14,1117,11313,341,10280,158,18,56,0,460,27053,23669,3384,528,474,204,0,270,0,54,0,0,54
47075,TN,Haywood County,17864,838,7632,9013,34,36,8,303,13841,545,6178,6848,32,28,7,203,4023,293,1454,2165,2,8,1,100,8240,7424,816,212,212,99,0,113,0,0,0,0,0
47077,TN,Henderson County,27842,719,24054,1966,54,101,2,946,21559,442,18893,1544,54,72,2,552,6283,277,5161,422,0,29,0,394,12867,11392,1475,417,404,176,0,228,0,13,0,0,13
47079,TN,Henry County,32199,877,27552,2348,77,216,8,1121,25561,559,22313,1785,64,156,7,677,6638,318,5239,563,13,60,1,444,16937,13742,3195,373,267,54,0,213,0,106,0,12,94
47081,TN,Hickman County,24925,681,22251,944,102,78,1,868,19743,434,17755,856,73,59,0,566,5182,247,4496,88,29,19,1,302,10457,9237,1220,1459,1327,1237,0,90,0,132,0,0,132
47083,TN,Houston County,8283,202,7559,220,32,21,8,241,6501,90,6033,180,20,18,7,153,1782,112,1526,40,12,3,1,88,3936,3311,625,176,168,33,0,135,0,8,0,0,8
47085,TN,Humphreys County,18990,449,17276,516,44,67,0,638,14658,268,13590,353,35,45,0,367,4332,181,3686,163,9,22,0,271,8849,7599,1250,441,404,78,243,83,0,37,0,0,37
47089,TN,Jefferson County,54683,2392,49366,833,165,274,21,1632,43731,1428,40219,663,136,218,13,1054,10952,964,9147,170,29,56,8,578,24828,21461,3367,1744,790,201,37,552,0,954,799,0,155
47091,TN,Johnson County,17948,516,16196,727,28,33,9,439,14811,340,13375,710,22,27,9,328,3137,176,2821,17,6,6,0,111,8723,7205,1518,1826,1826,1679,40,107,0,0,0,0,0
47095,TN,Lake County,7005,175,4770,1834,15,13,5,193,5967,141,4121,1594,13,4,5,89,1038,34,649,240,2,9,0,104,2500,2176,324,2193,2193,2062,4,127,0,0,0,0,0
47097,TN,Lauderdale County,25143,587,15167,8417,135,60,0,777,19634,378,12354,6283,107,47,0,465,5509,209,2813,2134,28,13,0,312,10653,9583,1070,2079,2029,1919,0,110,0,50,0,0,50
47101,TN,Lewis County,12582,326,11611,195,31,59,5,355,9757,219,9064,150,31,52,5,236,2825,107,2547,45,0,7,0,119,5690,5073,617,176,136,39,0,97,0,40,0,0,40
47103,TN,Lincoln County,35319,1268,30055,2228,117,187,16,1448,27475,811,23897,1678,94,147,12,836,7844,457,6158,550,23,40,4,612,15958,14395,1563,279,273,107,0,166,0,6,0,0,6
47107,TN,McMinn County,53276,2161,46367,1882,146,442,19,2259,42012,1381,37240,1491,121,341,15,1423,11264,780,9127,391,25,101,4,836,23934,21340,2594,1029,624,209,0,415,0,405,343,0,62
47109,TN,McNairy County,25866,438,23031,1573,56,84,0,684,20415,286,18367,1255,51,60,0,396,5451,152,4664,318,5,24,0,288,12268,10716,1552,319,287,71,0,216,0,32,0,0,32
47113,TN,Madison County,98823,4722,53828,36028,183,1272,15,2775,77242,2971,44732,26744,155,970,14,1656,21581,1751,9096,9284,28,302,1,1119,43656,39515,4141,4405,2200,1519,75,606,0,2205,1896,0,309
47115,TN,Marion County,28837,601,25845,1055,96,155,2,1083,22917,384,20774,788,90,124,2,755,5920,217,5071,267,6,31,0,328,13578,11786,1792,149,139,45,0,94,0,10,0,0,10
47119,TN,Maury County,100974,7660,76980,11396,253,984,47,3654,77854,4805,61417,8603,208,745,31,2045,23120,2855,15563,2793,45,239,16,1609,43143,39987,3156,1272,1078,298,87,612,81,194,0,0,194
21015,KY,Boone County,135968,7707,113830,5839,202,3122,310,4958,100137,4753,86141,3934,157,2317,196,2639,35831,2954,27689,1905,45,805,114,2319,51468,49180,2288,1335,1022,479,15,528,0,313,0,0,313
21021,KY,Boyle County,30614,1490,25268,2189,39,373,4,1251,24326,1035,20515,1775,34,301,3,663,6288,455,4753,414,5,72,1,588,12929,11746,1183,2934,1625,1411,8,181,25,1309,1263,0,46
21025,KY,Breathitt County,13718,93,13102,62,11,38,11,401,10673,68,10194,41,3,26,3,338,3045,25,2908,21,8,12,8,63,6551,5716,835,277,90,0,12,78,0,187,121,0,66
21031,KY,Butler County,12371,592,11418,24,22,25,3,287,9377,306,8804,17,22,18,3,207,2994,286,2614,7,0,7,0,80,5416,4910,506,142,142,35,6,101,0,0,0,0,0
21037,KY,Campbell County,93076,2309,83543,2927,121,1064,32,3080,73538,1489,67075,2160,101,852,24,1837,19538,820,16468,767,20,212,8,1243,41405,38466,2939,2532,1042,540,28,474,0,1490,1094,0,396
21043,KY,Carter County,26627,254,25539,221,45,61,3,504,20774,133,19982,203,38,45,3,370,5853,121,5557,18,7,16,0,134,12206,10664,1542,643,282,165,0,117,0,361,328,0,33
21049,KY,Clark County,36972,1477,32486,1662,64,219,14,1050,28694,863,25740,1261,55,141,13,621,8278,614,6746,401,9,78,1,429,16116,14917,1199,459,351,215,0,136,0,108,0,0,108
21055,KY,Crittenden County,8990,113,8568,87,15,8,5,194,6958,84,6648,76,15,2,0,133,2032,29,1920,11,0,6,5,61,4331,3604,727,261,261,189,0,72,0,0,0,0,0
21061,KY,Edmonson County,12126,156,11521,101,31,33,7,277,9503,110,9063,80,30,26,7,187,2623,46,2458,21,1,7,0,90,6358,4885,1473,162,73,0,0,73,0,89,0,0,89
21065,KY,Estill County,14163,131,13668,33,23,8,0,300,11084,84,10723,22,17,8,0,230,3079,47,2945,11,6,0,0,70,6827,5875,952,103,90,0,0,90,0,13,0,0,13
21071,KY,Floyd County,35942,308,34756,137,29,105,2,605,28039,177,27238,98,25,79,1,421,7903,131,7518,39,4,26,1,184,17333,14946,2387,281,203,41,0,162,0,78,0,0,78
21077,KY,Gallatin County,8690,492,7803,78,4,14,7,292,6497,279,5944,75,2,8,6,183,2193,213,1859,3,2,6,1,109,3685,3202,483,114,114,0,0,114,0,0,0,0,0
21083,KY,Graves County,36649,2773,30810,1584,97,184,3,1198,27768,1614,24157,1133,82,134,1,647,8881,1159,6653,451,15,50,2,551,16472,14742,1730,378,345,107,40,198,0,33,0,0,33
21089,KY,Greenup County,35962,317,34184,240,69,239,5,908,27993,184,26785,179,57,195,5,588,7969,133,7399,61,12,44,0,320,16235,14430,1805,564,494,119,0,314,61,70,0,0,70
21095,KY,Harlan County,26831,265,25118,556,55,93,0,744,20888,192,19616,451,47,66,0,516,5943,73,5502,105,8,27,0,228,12962,11249,1713,565,427,213,0,214,0,138,0,0,138
21099,KY,Hart County,19288,334,17612,715,33,48,6,540,14376,187,13183,600,33,38,6,329,4912,147,4429,115,0,10,0,211,8816,7418,1398,233,233,138,0,95,0,0,0,0,0
21149,KY,McLean County,9152,164,8739,55,10,16,2,166,7091,71,6856,39,9,6,0,110,2061,93,1883,16,1,10,2,56,4161,3737,424,77,59,0,0,59,0,18,0,0,18
21153,KY,Magoffin County,11637,66,11387,27,14,6,6,131,9155,33,8978,19,13,4,5,103,2482,33,2409,8,1,2,1,28,5402,4802,600,125,125,0,0,125,0,0,0,0,0
21159,KY,Martin County,11287,290,10033,780,42,17,1,124,9063,273,7879,774,36,14,1,86,2224,17,2154,6,6,3,0,38,4792,4035,757,1400,1388,1321,0,67,0,12,0,0,12
21165,KY,Menifee County,6113,57,5908,31,12,2,2,101,4719,38,4576,22,9,2,1,71,1394,19,1332,9,3,0,1,30,3277,2480,797,62,51,0,0,51,0,11,0,0,11
21171,KY,Monroe County,11338,473,10439,236,9,13,0,168,8670,293,8081,185,9,5,0,97,2668,180,2358,51,0,8,0,71,5237,4557,680,109,109,0,0,109,0,0,0,0,0
21177,KY,Muhlenberg County,30928,569,28348,1232,65,65,3,646,24260,377,22311,1077,50,50,2,393,6668,192,6037,155,15,15,1,253,13491,11955,1536,1714,1685,1180,0,265,240,29,0,0,29
21183,KY,Ohio County,23772,993,21983,174,27,51,2,542,17951,547,16849,133,23,40,2,357,5821,446,5134,41,4,11,0,185,10159,9280,879,239,239,23,0,216,0,0,0,0,0
21189,KY,Owsley County,4051,42,3922,13,1,1,5,67,3186,28,3104,6,0,1,5,42,865,14,818,7,1,0,0,25,2044,1735,309,86,77,0,0,77,0,9,0,0,9
21193,KY,Perry County,28473,221,26858,393,51,258,1,691,22252,140,21126,293,38,201,1,453,6221,81,5732,100,13,57,0,238,13213,11481,1732,651,545,192,59,294,0,106,0,0,106
21199,KY,Pulaski County,65034,1877,60010,730,162,457,12,1786,50635,1156,47252,580,149,321,12,1165,14399,721,12758,150,13,136,0,621,31552,26405,5147,1160,926,397,43,486,0,234,37,0,197
21205,KY,Rowan County,24662,541,22947,398,35,168,6,567,19815,372,18517,350,35,138,6,397,4847,169,4430,48,0,30,0,170,10518,9129,1389,3171,414,282,12,120,0,2757,2645,0,112
21211,KY,Shelby County,48065,5295,37763,2780,79,389,23,1736,36361,3116,29735,2190,61,273,23,963,11704,2179,8028,590,18,116,0,773,18801,17784,1017,1163,1125,895,0,230,0,38,0,0,38
21217,KY,Taylor County,26023,720,22908,1290,27,256,11,811,20215,429,18058,1081,25,212,7,403,5808,291,4850,209,2,44,4,408,11199,10171,1028,1416,378,194,0,184,0,1038,940,0,98
21221,KY,Trigg County,14061,317,12285,971,34,31,6,417,10975,222,9735,741,30,30,0,217,3086,95,2550,230,4,1,6,200,7526,5768,1758,72,42,0,0,30,12,30,0,0,30
21227,KY,Warren County,134554,9441,98723,13042,245,7460,665,4978,102897,5993,79211,9517,180,4747,412,2837,31657,3448,19512,3525,65,2713,253,2141,56881,51441,5440,5881,1222,544,29,534,115,4659,4391,0,268
21233,KY,Webster County,13017,845,11215,487,23,29,1,417,9956,445,8798,417,15,21,0,260,3061,400,2417,70,8,8,1,157,5705,5034,671,384,343,257,0,86,0,41,0,0,41
21239,KY,Woodford County,26871,2013,22527,1240,29,165,15,882,20897,1201,18024,1021,29,125,10,487,5974,812,4503,219,0,40,5,395,11487,10736,751,560,205,111,0,94,0,355,316,0,39
23005,ME,Cumberland County,303069,8011,265893,12350,683,7310,105,8717,247098,5514,221751,8132,554,5778,85,5284,55971,2497,44142,4218,129,1532,20,3433,149452,128100,21352,9007,3524,748,100,2489,187,5483,4201,24,1258
23011,ME,Kennebec County,123642,2552,114227,982,464,1259,31,4127,100401,1640,93830,749,388,1024,31,2739,23241,912,20397,233,76,235,0,1388,62607,53223,9384,3388,1492,162,44,1080,206,1896,1358,0,538
23017,ME,Oxford County,57777,865,54274,258,197,293,17,1873,46644,516,44305,173,166,237,13,1234,11133,349,9969,85,31,56,4,639,36130,24712,11418,856,712,0,0,703,9,144,25,0,119
23023,ME,Sagadahoc County,36699,649,34260,330,93,260,4,1103,29938,462,28222,250,68,218,3,715,6761,187,6038,80,25,42,1,388,18938,16136,2802,361,287,0,5,282,0,74,0,0,74
23027,ME,Waldo County,39607,559,37376,175,147,216,13,1121,32289,371,30734,130,109,181,13,751,7318,188,6642,45,38,35,0,370,21921,17143,4778,810,160,30,14,116,0,650,485,0,165
27001,MN,Aitkin County,15697,220,14663,66,376,41,3,328,13034,119,12409,35,242,31,0,198,2663,101,2254,31,134,10,3,130,13944,7199,6745,320,225,30,0,195,0,95,0,0,95
27047,MN,Freeborn County,30895,3183,25414,480,82,1144,5,587,24027,1932,20710,279,63,725,5,313,6868,1251,4704,201,19,419,0,274,14114,13076,1038,512,409,105,0,304,0,103,0,0,103
27053,MN,Hennepin County,1281565,98250,854450,172208,8120,98405,502,49630,1008791,65396,718867,116317,6120,74234,393,27464,272774,32854,135583,55891,2000,24171,109,22166,555779,528547,27232,29891,9881,1025,191,8365,300,20010,10048,0,9962
27059,MN,Isanti County,41135,896,38084,354,203,505,14,1079,31218,516,29369,231,149,351,10,592,9917,380,8715,123,54,154,4,487,16550,15615,935,354,233,36,0,197,0,121,0,0,121
27063,MN,Jackson County,9989,401,9100,127,22,127,0,212,7726,215,7216,78,21,103,0,93,2263,186,1884,49,1,24,0,119,4891,4307,584,106,92,0,0,92,0,14,0,0,14
27069,MN,Kittson County,4207,83,3999,7,15,19,6,78,3314,53,3180,7,15,9,6,44,893,30,819,0,0,10,0,34,2272,1846,426,101,101,0,0,101,0,0,0,0,0
27075,MN,Lake County,10905,113,10442,18,50,58,0,224,8844,73,8516,16,35,49,0,155,2061,40,1926,2,15,9,0,69,7311,4869,2442,231,139,1,0,138,0,92,15,0,77
27081,MN,Lincoln County,5640,107,5403,11,12,22,0,85,4320,58,4177,11,7,19,0,48,1320,49,1226,0,5,3,0,37,3051,2452,599,118,98,14,0,84,0,20,0,0,20
27087,MN,Mahnomen County,5411,154,2308,12,2256,9,0,672,3857,91,1966,8,1392,9,0,391,1554,63,342,4,864,0,0,281,2550,2014,536,58,19,0,0,19,0,39,0,0,39
27093,MN,Meeker County,23400,950,21853,113,38,69,2,375,17827,534,16940,69,25,55,0,204,5573,416,4913,44,13,14,2,171,10576,9263,1313,422,225,32,4,174,15,197,0,0,197
27099,MN,Mower County,40029,5081,30178,1645,58,2072,262,733,29817,2908,24044,965,49,1326,157,368,10212,2173,6134,680,9,746,105,365,16928,15700,1228,687,405,49,41,298,17,282,75,0,207
21009,KY,Barren County,44485,1889,39132,1766,75,274,54,1295,33802,1186,30233,1345,62,199,44,733,10683,703,8899,421,13,75,10,562,19794,17718,2076,617,617,161,5,451,0,0,0,0,0
27105,MN,Nobles County,22290,7271,12246,988,70,1334,41,340,16056,4264,10052,605,42,923,32,138,6234,3007,2194,383,28,411,9,202,8394,7851,543,529,283,33,0,250,0,246,110,0,136
27111,MN,Otter Tail County,60081,2216,55057,887,286,354,18,1263,47036,1319,44049,513,202,277,18,658,13045,897,11008,374,84,77,0,605,36506,25123,11383,1277,709,41,4,647,17,568,81,0,487
27117,MN,Pipestone County,9424,804,8096,112,100,69,0,243,7080,453,6320,70,76,51,0,110,2344,351,1776,42,24,18,0,133,4337,3948,389,153,126,0,0,122,4,27,0,0,27
27123,MN,Ramsey County,552352,45034,325664,71013,2960,86169,230,21282,427139,29602,278477,47259,2318,57672,167,11644,125213,15432,47187,23754,642,28497,63,9638,228546,218077,10469,17772,4248,410,58,3761,19,13524,8603,0,4921
27129,MN,Renville County,14723,1319,12911,67,103,64,5,254,11348,769,10245,54,76,52,5,147,3375,550,2666,13,27,12,0,107,6913,6153,760,302,240,27,4,209,0,62,0,0,62
27135,MN,Roseau County,15331,238,13940,105,230,409,10,399,11662,141,10832,58,145,293,10,183,3669,97,3108,47,85,116,0,216,7137,6340,797,171,147,13,0,134,0,24,0,0,24
27141,MN,Sherburne County,97183,2820,86029,3747,400,1314,27,2846,71512,1745,64645,2350,333,983,14,1442,25671,1075,21384,1397,67,331,13,1404,35909,34035,1874,2217,1962,1623,3,322,14,255,0,0,255
27147,MN,Steele County,37406,3140,31709,1379,66,340,18,754,28066,1839,24765,766,54,251,11,380,9340,1301,6944,613,12,89,7,374,15691,14823,868,507,386,69,4,313,0,121,0,0,121
27153,MN,Todd County,25262,2208,22300,111,77,104,72,390,18882,1320,17092,79,48,84,46,213,6380,888,5208,32,29,20,26,177,12770,9898,2872,334,165,10,6,149,0,169,0,0,169
